case_id,model_type,occluder_size,stride,y0,x0,y_center,x_center,baseline_target_logit,post_occlusion_target_logit,target_logit_drop
s_bird_212,resnet50_tl_20250829,8,4,0,0,4.0,4.0,153.9158935546875,153.79156494140625,0.12432861328125
s_bird_212,resnet50_tl_20250829,8,4,0,4,4.0,8.0,153.9158935546875,153.9761505126953,-0.0602569580078125
s_bird_212,resnet50_tl_20250829,8,4,0,8,4.0,12.0,153.9158935546875,153.96131896972656,-0.0454254150390625
s_bird_212,resnet50_tl_20250829,8,4,0,12,4.0,16.0,153.9158935546875,154.06642150878906,-0.1505279541015625
s_bird_212,resnet50_tl_20250829,8,4,0,16,4.0,20.0,153.9158935546875,154.04425048828125,-0.12835693359375
s_bird_212,resnet50_tl_20250829,8,4,0,20,4.0,24.0,153.9158935546875,154.0191192626953,-0.1032257080078125
s_bird_212,resnet50_tl_20250829,8,4,0,24,4.0,28.0,153.9158935546875,153.97132873535156,-0.0554351806640625
s_bird_212,resnet50_tl_20250829,8,4,0,28,4.0,32.0,153.9158935546875,153.8756866455078,0.0402069091796875
s_bird_212,resnet50_tl_20250829,8,4,0,32,4.0,36.0,153.9158935546875,153.81141662597656,0.1044769287109375
s_bird_212,resnet50_tl_20250829,8,4,0,36,4.0,40.0,153.9158935546875,153.80520629882812,0.110687255859375
s_bird_212,resnet50_tl_20250829,8,4,0,40,4.0,44.0,153.9158935546875,153.84832763671875,0.06756591796875
s_bird_212,resnet50_tl_20250829,8,4,0,44,4.0,48.0,153.9158935546875,153.873291015625,0.0426025390625
s_bird_212,resnet50_tl_20250829,8,4,0,48,4.0,52.0,153.9158935546875,153.8302001953125,0.085693359375
s_bird_212,resnet50_tl_20250829,8,4,0,52,4.0,56.0,153.9158935546875,153.8441925048828,0.0717010498046875
s_bird_212,resnet50_tl_20250829,8,4,0,56,4.0,60.0,153.9158935546875,153.89451599121094,0.0213775634765625
s_bird_212,resnet50_tl_20250829,8,4,0,60,4.0,64.0,153.9158935546875,153.76211547851562,0.153778076171875
s_bird_212,resnet50_tl_20250829,8,4,0,64,4.0,68.0,153.9158935546875,153.75875854492188,0.157135009765625
s_bird_212,resnet50_tl_20250829,8,4,0,68,4.0,72.0,153.9158935546875,153.80258178710938,0.113311767578125
s_bird_212,resnet50_tl_20250829,8,4,0,72,4.0,76.0,153.9158935546875,153.83660888671875,0.07928466796875
s_bird_212,resnet50_tl_20250829,8,4,0,76,4.0,80.0,153.9158935546875,153.88050842285156,0.0353851318359375
s_bird_212,resnet50_tl_20250829,8,4,0,80,4.0,84.0,153.9158935546875,153.83639526367188,0.079498291015625
s_bird_212,resnet50_tl_20250829,8,4,0,84,4.0,88.0,153.9158935546875,153.83181762695312,0.084075927734375
s_bird_212,resnet50_tl_20250829,8,4,0,88,4.0,92.0,153.9158935546875,153.9017333984375,0.01416015625
s_bird_212,resnet50_tl_20250829,8,4,0,92,4.0,96.0,153.9158935546875,153.8264923095703,0.0894012451171875
s_bird_212,resnet50_tl_20250829,8,4,0,96,4.0,100.0,153.9158935546875,153.8319854736328,0.0839080810546875
s_bird_212,resnet50_tl_20250829,8,4,0,100,4.0,104.0,153.9158935546875,153.86549377441406,0.0503997802734375
s_bird_212,resnet50_tl_20250829,8,4,0,104,4.0,108.0,153.9158935546875,153.8748016357422,0.0410919189453125
s_bird_212,resnet50_tl_20250829,8,4,0,108,4.0,112.0,153.9158935546875,153.92469787597656,-0.0088043212890625
s_bird_212,resnet50_tl_20250829,8,4,0,112,4.0,116.0,153.9158935546875,153.86863708496094,0.0472564697265625
s_bird_212,resnet50_tl_20250829,8,4,0,116,4.0,120.0,153.9158935546875,153.8621063232422,0.0537872314453125
s_bird_212,resnet50_tl_20250829,8,4,0,120,4.0,124.0,153.9158935546875,153.9106903076172,0.0052032470703125
s_bird_212,resnet50_tl_20250829,8,4,0,124,4.0,128.0,153.9158935546875,153.82742309570312,0.088470458984375
s_bird_212,resnet50_tl_20250829,8,4,0,128,4.0,132.0,153.9158935546875,153.81982421875,0.0960693359375
s_bird_212,resnet50_tl_20250829,8,4,0,132,4.0,136.0,153.9158935546875,153.85409545898438,0.061798095703125
s_bird_212,resnet50_tl_20250829,8,4,0,136,4.0,140.0,153.9158935546875,153.86534118652344,0.0505523681640625
s_bird_212,resnet50_tl_20250829,8,4,0,140,4.0,144.0,153.9158935546875,153.8964080810547,0.0194854736328125
s_bird_212,resnet50_tl_20250829,8,4,0,144,4.0,148.0,153.9158935546875,153.83270263671875,0.08319091796875
s_bird_212,resnet50_tl_20250829,8,4,0,148,4.0,152.0,153.9158935546875,153.83116149902344,0.0847320556640625
s_bird_212,resnet50_tl_20250829,8,4,0,152,4.0,156.0,153.9158935546875,153.91197204589844,0.0039215087890625
s_bird_212,resnet50_tl_20250829,8,4,0,156,4.0,160.0,153.9158935546875,153.9129180908203,0.0029754638671875
s_bird_212,resnet50_tl_20250829,8,4,0,160,4.0,164.0,153.9158935546875,153.91786193847656,-0.0019683837890625
s_bird_212,resnet50_tl_20250829,8,4,0,164,4.0,168.0,153.9158935546875,153.91188049316406,0.0040130615234375
s_bird_212,resnet50_tl_20250829,8,4,0,168,4.0,172.0,153.9158935546875,153.90728759765625,0.00860595703125
s_bird_212,resnet50_tl_20250829,8,4,0,172,4.0,176.0,153.9158935546875,153.89451599121094,0.0213775634765625
s_bird_212,resnet50_tl_20250829,8,4,0,176,4.0,180.0,153.9158935546875,153.8503875732422,0.0655059814453125
s_bird_212,resnet50_tl_20250829,8,4,0,180,4.0,184.0,153.9158935546875,153.84957885742188,0.066314697265625
s_bird_212,resnet50_tl_20250829,8,4,0,184,4.0,188.0,153.9158935546875,153.8867645263672,0.0291290283203125
s_bird_212,resnet50_tl_20250829,8,4,0,188,4.0,192.0,153.9158935546875,153.84576416015625,0.07012939453125
s_bird_212,resnet50_tl_20250829,8,4,0,192,4.0,196.0,153.9158935546875,153.83758544921875,0.07830810546875
s_bird_212,resnet50_tl_20250829,8,4,0,196,4.0,200.0,153.9158935546875,153.83946228027344,0.0764312744140625
s_bird_212,resnet50_tl_20250829,8,4,0,200,4.0,204.0,153.9158935546875,153.8704071044922,0.0454864501953125
s_bird_212,resnet50_tl_20250829,8,4,0,204,4.0,208.0,153.9158935546875,153.8665008544922,0.0493927001953125
s_bird_212,resnet50_tl_20250829,8,4,0,208,4.0,212.0,153.9158935546875,153.81036376953125,0.10552978515625
s_bird_212,resnet50_tl_20250829,8,4,0,212,4.0,216.0,153.9158935546875,153.80551147460938,0.110382080078125
s_bird_212,resnet50_tl_20250829,8,4,0,216,4.0,220.0,153.9158935546875,153.86415100097656,0.0517425537109375
s_bird_212,resnet50_tl_20250829,8,4,4,0,8.0,4.0,153.9158935546875,154.12625122070312,-0.210357666015625
s_bird_212,resnet50_tl_20250829,8,4,4,4,8.0,8.0,153.9158935546875,153.9871826171875,-0.0712890625
s_bird_212,resnet50_tl_20250829,8,4,4,8,8.0,12.0,153.9158935546875,153.98345947265625,-0.06756591796875
s_bird_212,resnet50_tl_20250829,8,4,4,12,8.0,16.0,153.9158935546875,154.05613708496094,-0.1402435302734375
s_bird_212,resnet50_tl_20250829,8,4,4,16,8.0,20.0,153.9158935546875,154.01889038085938,-0.102996826171875
s_bird_212,resnet50_tl_20250829,8,4,4,20,8.0,24.0,153.9158935546875,154.0618438720703,-0.1459503173828125
s_bird_212,resnet50_tl_20250829,8,4,4,24,8.0,28.0,153.9158935546875,154.01004028320312,-0.094146728515625
s_bird_212,resnet50_tl_20250829,8,4,4,28,8.0,32.0,153.9158935546875,153.96444702148438,-0.048553466796875
s_bird_212,resnet50_tl_20250829,8,4,4,32,8.0,36.0,153.9158935546875,153.88201904296875,0.03387451171875
s_bird_212,resnet50_tl_20250829,8,4,4,36,8.0,40.0,153.9158935546875,153.869873046875,0.0460205078125
s_bird_212,resnet50_tl_20250829,8,4,4,40,8.0,44.0,153.9158935546875,153.8674774169922,0.0484161376953125
s_bird_212,resnet50_tl_20250829,8,4,4,44,8.0,48.0,153.9158935546875,153.90904235839844,0.0068511962890625
s_bird_212,resnet50_tl_20250829,8,4,4,48,8.0,52.0,153.9158935546875,153.86643981933594,0.0494537353515625
s_bird_212,resnet50_tl_20250829,8,4,4,52,8.0,56.0,153.9158935546875,153.90786743164062,0.008026123046875
s_bird_212,resnet50_tl_20250829,8,4,4,56,8.0,60.0,153.9158935546875,153.93765258789062,-0.021759033203125
s_bird_212,resnet50_tl_20250829,8,4,4,60,8.0,64.0,153.9158935546875,153.9574432373047,-0.0415496826171875
s_bird_212,resnet50_tl_20250829,8,4,4,64,8.0,68.0,153.9158935546875,153.90151977539062,0.014373779296875
s_bird_212,resnet50_tl_20250829,8,4,4,68,8.0,72.0,153.9158935546875,153.8907928466797,0.0251007080078125
s_bird_212,resnet50_tl_20250829,8,4,4,72,8.0,76.0,153.9158935546875,153.8909454345703,0.0249481201171875
s_bird_212,resnet50_tl_20250829,8,4,4,76,8.0,80.0,153.9158935546875,153.92935180664062,-0.013458251953125
s_bird_212,resnet50_tl_20250829,8,4,4,80,8.0,84.0,153.9158935546875,153.86375427246094,0.0521392822265625
s_bird_212,resnet50_tl_20250829,8,4,4,84,8.0,88.0,153.9158935546875,153.9104461669922,0.0054473876953125
s_bird_212,resnet50_tl_20250829,8,4,4,88,8.0,92.0,153.9158935546875,153.94805908203125,-0.03216552734375
s_bird_212,resnet50_tl_20250829,8,4,4,92,8.0,96.0,153.9158935546875,153.9892120361328,-0.0733184814453125
s_bird_212,resnet50_tl_20250829,8,4,4,96,8.0,100.0,153.9158935546875,153.92138671875,-0.0054931640625
s_bird_212,resnet50_tl_20250829,8,4,4,100,8.0,104.0,153.9158935546875,153.92628479003906,-0.0103912353515625
s_bird_212,resnet50_tl_20250829,8,4,4,104,8.0,108.0,153.9158935546875,153.90774536132812,0.008148193359375
s_bird_212,resnet50_tl_20250829,8,4,4,108,8.0,112.0,153.9158935546875,153.9461669921875,-0.0302734375
s_bird_212,resnet50_tl_20250829,8,4,4,112,8.0,116.0,153.9158935546875,153.8724365234375,0.04345703125
s_bird_212,resnet50_tl_20250829,8,4,4,116,8.0,120.0,153.9158935546875,153.92724609375,-0.0113525390625
s_bird_212,resnet50_tl_20250829,8,4,4,120,8.0,124.0,153.9158935546875,153.95230102539062,-0.036407470703125
s_bird_212,resnet50_tl_20250829,8,4,4,124,8.0,128.0,153.9158935546875,153.995849609375,-0.0799560546875
s_bird_212,resnet50_tl_20250829,8,4,4,128,8.0,132.0,153.9158935546875,153.9182586669922,-0.0023651123046875
s_bird_212,resnet50_tl_20250829,8,4,4,132,8.0,136.0,153.9158935546875,153.92242431640625,-0.00653076171875
s_bird_212,resnet50_tl_20250829,8,4,4,136,8.0,140.0,153.9158935546875,153.90509033203125,0.01080322265625
s_bird_212,resnet50_tl_20250829,8,4,4,140,8.0,144.0,153.9158935546875,153.9588165283203,-0.0429229736328125
s_bird_212,resnet50_tl_20250829,8,4,4,144,8.0,148.0,153.9158935546875,153.88177490234375,0.03411865234375
s_bird_212,resnet50_tl_20250829,8,4,4,148,8.0,152.0,153.9158935546875,153.9226837158203,-0.0067901611328125
s_bird_212,resnet50_tl_20250829,8,4,4,152,8.0,156.0,153.9158935546875,153.97377014160156,-0.0578765869140625
s_bird_212,resnet50_tl_20250829,8,4,4,156,8.0,160.0,153.9158935546875,154.06492614746094,-0.1490325927734375
s_bird_212,resnet50_tl_20250829,8,4,4,160,8.0,164.0,153.9158935546875,153.9945831298828,-0.0786895751953125
s_bird_212,resnet50_tl_20250829,8,4,4,164,8.0,168.0,153.9158935546875,153.9980010986328,-0.0821075439453125
s_bird_212,resnet50_tl_20250829,8,4,4,168,8.0,172.0,153.9158935546875,153.98220825195312,-0.066314697265625
s_bird_212,resnet50_tl_20250829,8,4,4,172,8.0,176.0,153.9158935546875,154.02703857421875,-0.11114501953125
s_bird_212,resnet50_tl_20250829,8,4,4,176,8.0,180.0,153.9158935546875,153.92678833007812,-0.010894775390625
s_bird_212,resnet50_tl_20250829,8,4,4,180,8.0,184.0,153.9158935546875,153.98313903808594,-0.0672454833984375
s_bird_212,resnet50_tl_20250829,8,4,4,184,8.0,188.0,153.9158935546875,153.98529052734375,-0.06939697265625
s_bird_212,resnet50_tl_20250829,8,4,4,188,8.0,192.0,153.9158935546875,154.03988647460938,-0.123992919921875
s_bird_212,resnet50_tl_20250829,8,4,4,192,8.0,196.0,153.9158935546875,153.97715759277344,-0.0612640380859375
s_bird_212,resnet50_tl_20250829,8,4,4,196,8.0,200.0,153.9158935546875,154.00051879882812,-0.084625244140625
s_bird_212,resnet50_tl_20250829,8,4,4,200,8.0,204.0,153.9158935546875,153.95115661621094,-0.0352630615234375
s_bird_212,resnet50_tl_20250829,8,4,4,204,8.0,208.0,153.9158935546875,153.95860290527344,-0.0427093505859375
s_bird_212,resnet50_tl_20250829,8,4,4,208,8.0,212.0,153.9158935546875,153.89366149902344,0.0222320556640625
s_bird_212,resnet50_tl_20250829,8,4,4,212,8.0,216.0,153.9158935546875,153.8605499267578,0.0553436279296875
s_bird_212,resnet50_tl_20250829,8,4,4,216,8.0,220.0,153.9158935546875,153.859130859375,0.0567626953125
s_bird_212,resnet50_tl_20250829,8,4,8,0,12.0,4.0,153.9158935546875,153.90797424316406,0.0079193115234375
s_bird_212,resnet50_tl_20250829,8,4,8,4,12.0,8.0,153.9158935546875,153.90869140625,0.0072021484375
s_bird_212,resnet50_tl_20250829,8,4,8,8,12.0,12.0,153.9158935546875,153.88682556152344,0.0290679931640625
s_bird_212,resnet50_tl_20250829,8,4,8,12,12.0,16.0,153.9158935546875,153.84576416015625,0.07012939453125
s_bird_212,resnet50_tl_20250829,8,4,8,16,12.0,20.0,153.9158935546875,153.8017578125,0.1141357421875
s_bird_212,resnet50_tl_20250829,8,4,8,20,12.0,24.0,153.9158935546875,153.87924194335938,0.036651611328125
s_bird_212,resnet50_tl_20250829,8,4,8,24,12.0,28.0,153.9158935546875,153.87603759765625,0.03985595703125
s_bird_212,resnet50_tl_20250829,8,4,8,28,12.0,32.0,153.9158935546875,153.75982666015625,0.15606689453125
s_bird_212,resnet50_tl_20250829,8,4,8,32,12.0,36.0,153.9158935546875,153.7369842529297,0.1789093017578125
s_bird_212,resnet50_tl_20250829,8,4,8,36,12.0,40.0,153.9158935546875,153.7917938232422,0.1240997314453125
s_bird_212,resnet50_tl_20250829,8,4,8,40,12.0,44.0,153.9158935546875,153.7919921875,0.1239013671875
s_bird_212,resnet50_tl_20250829,8,4,8,44,12.0,48.0,153.9158935546875,153.6951446533203,0.2207489013671875
s_bird_212,resnet50_tl_20250829,8,4,8,48,12.0,52.0,153.9158935546875,153.69354248046875,0.22235107421875
s_bird_212,resnet50_tl_20250829,8,4,8,52,12.0,56.0,153.9158935546875,153.802001953125,0.1138916015625
s_bird_212,resnet50_tl_20250829,8,4,8,56,12.0,60.0,153.9158935546875,153.84814453125,0.0677490234375
s_bird_212,resnet50_tl_20250829,8,4,8,60,12.0,64.0,153.9158935546875,153.75717163085938,0.158721923828125
s_bird_212,resnet50_tl_20250829,8,4,8,64,12.0,68.0,153.9158935546875,153.75070190429688,0.165191650390625
s_bird_212,resnet50_tl_20250829,8,4,8,68,12.0,72.0,153.9158935546875,153.81854248046875,0.09735107421875
s_bird_212,resnet50_tl_20250829,8,4,8,72,12.0,76.0,153.9158935546875,153.81427001953125,0.10162353515625
s_bird_212,resnet50_tl_20250829,8,4,8,76,12.0,80.0,153.9158935546875,153.69863891601562,0.217254638671875
s_bird_212,resnet50_tl_20250829,8,4,8,80,12.0,84.0,153.9158935546875,153.6747589111328,0.2411346435546875
s_bird_212,resnet50_tl_20250829,8,4,8,84,12.0,88.0,153.9158935546875,153.8011016845703,0.1147918701171875
s_bird_212,resnet50_tl_20250829,8,4,8,88,12.0,92.0,153.9158935546875,153.8427276611328,0.0731658935546875
s_bird_212,resnet50_tl_20250829,8,4,8,92,12.0,96.0,153.9158935546875,153.74862670898438,0.167266845703125
s_bird_212,resnet50_tl_20250829,8,4,8,96,12.0,100.0,153.9158935546875,153.7224884033203,0.1934051513671875
s_bird_212,resnet50_tl_20250829,8,4,8,100,12.0,104.0,153.9158935546875,153.81781005859375,0.09808349609375
s_bird_212,resnet50_tl_20250829,8,4,8,104,12.0,108.0,153.9158935546875,153.80125427246094,0.1146392822265625
s_bird_212,resnet50_tl_20250829,8,4,8,108,12.0,112.0,153.9158935546875,153.67918395996094,0.2367095947265625
s_bird_212,resnet50_tl_20250829,8,4,8,112,12.0,116.0,153.9158935546875,153.63720703125,0.2786865234375
s_bird_212,resnet50_tl_20250829,8,4,8,116,12.0,120.0,153.9158935546875,153.787353515625,0.1285400390625
s_bird_212,resnet50_tl_20250829,8,4,8,120,12.0,124.0,153.9158935546875,153.81309509277344,0.1027984619140625
s_bird_212,resnet50_tl_20250829,8,4,8,124,12.0,128.0,153.9158935546875,153.72279357910156,0.1930999755859375
s_bird_212,resnet50_tl_20250829,8,4,8,128,12.0,132.0,153.9158935546875,153.68133544921875,0.23455810546875
s_bird_212,resnet50_tl_20250829,8,4,8,132,12.0,136.0,153.9158935546875,153.799072265625,0.1168212890625
s_bird_212,resnet50_tl_20250829,8,4,8,136,12.0,140.0,153.9158935546875,153.7928009033203,0.1230926513671875
s_bird_212,resnet50_tl_20250829,8,4,8,140,12.0,144.0,153.9158935546875,153.6803741455078,0.2355194091796875
s_bird_212,resnet50_tl_20250829,8,4,8,144,12.0,148.0,153.9158935546875,153.63914489746094,0.2767486572265625
s_bird_212,resnet50_tl_20250829,8,4,8,148,12.0,152.0,153.9158935546875,153.7975311279297,0.1183624267578125
s_bird_212,resnet50_tl_20250829,8,4,8,152,12.0,156.0,153.9158935546875,153.84933471679688,0.066558837890625
s_bird_212,resnet50_tl_20250829,8,4,8,156,12.0,160.0,153.9158935546875,153.78123474121094,0.1346588134765625
s_bird_212,resnet50_tl_20250829,8,4,8,160,12.0,164.0,153.9158935546875,153.75399780273438,0.161895751953125
s_bird_212,resnet50_tl_20250829,8,4,8,164,12.0,168.0,153.9158935546875,153.88229370117188,0.033599853515625
s_bird_212,resnet50_tl_20250829,8,4,8,168,12.0,172.0,153.9158935546875,153.87820434570312,0.037689208984375
s_bird_212,resnet50_tl_20250829,8,4,8,172,12.0,176.0,153.9158935546875,153.7516632080078,0.1642303466796875
s_bird_212,resnet50_tl_20250829,8,4,8,176,12.0,180.0,153.9158935546875,153.7088623046875,0.20703125
s_bird_212,resnet50_tl_20250829,8,4,8,180,12.0,184.0,153.9158935546875,153.85972595214844,0.0561676025390625
s_bird_212,resnet50_tl_20250829,8,4,8,184,12.0,188.0,153.9158935546875,153.9083251953125,0.007568359375
s_bird_212,resnet50_tl_20250829,8,4,8,188,12.0,192.0,153.9158935546875,153.8233642578125,0.092529296875
s_bird_212,resnet50_tl_20250829,8,4,8,192,12.0,196.0,153.9158935546875,153.7687225341797,0.1471710205078125
s_bird_212,resnet50_tl_20250829,8,4,8,196,12.0,200.0,153.9158935546875,153.8731689453125,0.042724609375
s_bird_212,resnet50_tl_20250829,8,4,8,200,12.0,204.0,153.9158935546875,153.92800903320312,-0.012115478515625
s_bird_212,resnet50_tl_20250829,8,4,8,204,12.0,208.0,153.9158935546875,153.86972045898438,0.046173095703125
s_bird_212,resnet50_tl_20250829,8,4,8,208,12.0,212.0,153.9158935546875,153.81500244140625,0.10089111328125
s_bird_212,resnet50_tl_20250829,8,4,8,212,12.0,216.0,153.9158935546875,153.81707763671875,0.09881591796875
s_bird_212,resnet50_tl_20250829,8,4,8,216,12.0,220.0,153.9158935546875,153.8652801513672,0.0506134033203125
s_bird_212,resnet50_tl_20250829,8,4,12,0,16.0,4.0,153.9158935546875,153.52572631835938,0.390167236328125
s_bird_212,resnet50_tl_20250829,8,4,12,4,16.0,8.0,153.9158935546875,153.78689575195312,0.128997802734375
s_bird_212,resnet50_tl_20250829,8,4,12,8,16.0,12.0,153.9158935546875,153.82949829101562,0.086395263671875
s_bird_212,resnet50_tl_20250829,8,4,12,12,16.0,16.0,153.9158935546875,153.69586181640625,0.22003173828125
s_bird_212,resnet50_tl_20250829,8,4,12,16,16.0,20.0,153.9158935546875,153.61402893066406,0.3018646240234375
s_bird_212,resnet50_tl_20250829,8,4,12,20,16.0,24.0,153.9158935546875,153.76785278320312,0.148040771484375
s_bird_212,resnet50_tl_20250829,8,4,12,24,16.0,28.0,153.9158935546875,153.80230712890625,0.11358642578125
s_bird_212,resnet50_tl_20250829,8,4,12,28,16.0,32.0,153.9158935546875,153.60760498046875,0.30828857421875
s_bird_212,resnet50_tl_20250829,8,4,12,32,16.0,36.0,153.9158935546875,153.61094665527344,0.3049468994140625
s_bird_212,resnet50_tl_20250829,8,4,12,36,16.0,40.0,153.9158935546875,153.81040954589844,0.1054840087890625
s_bird_212,resnet50_tl_20250829,8,4,12,40,16.0,44.0,153.9158935546875,153.8199462890625,0.095947265625
s_bird_212,resnet50_tl_20250829,8,4,12,44,16.0,48.0,153.9158935546875,153.56173706054688,0.354156494140625
s_bird_212,resnet50_tl_20250829,8,4,12,48,16.0,52.0,153.9158935546875,153.54367065429688,0.372222900390625
s_bird_212,resnet50_tl_20250829,8,4,12,52,16.0,56.0,153.9158935546875,153.7775115966797,0.1383819580078125
s_bird_212,resnet50_tl_20250829,8,4,12,56,16.0,60.0,153.9158935546875,153.84703063964844,0.0688629150390625
s_bird_212,resnet50_tl_20250829,8,4,12,60,16.0,64.0,153.9158935546875,153.57151794433594,0.3443756103515625
s_bird_212,resnet50_tl_20250829,8,4,12,64,16.0,68.0,153.9158935546875,153.624755859375,0.2911376953125
s_bird_212,resnet50_tl_20250829,8,4,12,68,16.0,72.0,153.9158935546875,153.84303283691406,0.0728607177734375
s_bird_212,resnet50_tl_20250829,8,4,12,72,16.0,76.0,153.9158935546875,153.85862731933594,0.0572662353515625
s_bird_212,resnet50_tl_20250829,8,4,12,76,16.0,80.0,153.9158935546875,153.52658081054688,0.389312744140625
s_bird_212,resnet50_tl_20250829,8,4,12,80,16.0,84.0,153.9158935546875,153.51649475097656,0.3993988037109375
s_bird_212,resnet50_tl_20250829,8,4,12,84,16.0,88.0,153.9158935546875,153.77415466308594,0.1417388916015625
s_bird_212,resnet50_tl_20250829,8,4,12,88,16.0,92.0,153.9158935546875,153.84828186035156,0.0676116943359375
s_bird_212,resnet50_tl_20250829,8,4,12,92,16.0,96.0,153.9158935546875,153.55020141601562,0.365692138671875
s_bird_212,resnet50_tl_20250829,8,4,12,96,16.0,100.0,153.9158935546875,153.5792236328125,0.336669921875
s_bird_212,resnet50_tl_20250829,8,4,12,100,16.0,104.0,153.9158935546875,153.82363891601562,0.092254638671875
s_bird_212,resnet50_tl_20250829,8,4,12,104,16.0,108.0,153.9158935546875,153.8314208984375,0.08447265625
s_bird_212,resnet50_tl_20250829,8,4,12,108,16.0,112.0,153.9158935546875,153.4810028076172,0.4348907470703125
s_bird_212,resnet50_tl_20250829,8,4,12,112,16.0,116.0,153.9158935546875,153.4624481201172,0.4534454345703125
s_bird_212,resnet50_tl_20250829,8,4,12,116,16.0,120.0,153.9158935546875,153.74496459960938,0.170928955078125
s_bird_212,resnet50_tl_20250829,8,4,12,120,16.0,124.0,153.9158935546875,153.81707763671875,0.09881591796875
s_bird_212,resnet50_tl_20250829,8,4,12,124,16.0,128.0,153.9158935546875,153.48147583007812,0.434417724609375
s_bird_212,resnet50_tl_20250829,8,4,12,128,16.0,132.0,153.9158935546875,153.5062255859375,0.40966796875
s_bird_212,resnet50_tl_20250829,8,4,12,132,16.0,136.0,153.9158935546875,153.79415893554688,0.121734619140625
s_bird_212,resnet50_tl_20250829,8,4,12,136,16.0,140.0,153.9158935546875,153.82333374023438,0.092559814453125
s_bird_212,resnet50_tl_20250829,8,4,12,140,16.0,144.0,153.9158935546875,153.4352264404297,0.4806671142578125
s_bird_212,resnet50_tl_20250829,8,4,12,144,16.0,148.0,153.9158935546875,153.44021606445312,0.475677490234375
s_bird_212,resnet50_tl_20250829,8,4,12,148,16.0,152.0,153.9158935546875,153.75033569335938,0.165557861328125
s_bird_212,resnet50_tl_20250829,8,4,12,152,16.0,156.0,153.9158935546875,153.85574340820312,0.060150146484375
s_bird_212,resnet50_tl_20250829,8,4,12,156,16.0,160.0,153.9158935546875,153.50064086914062,0.415252685546875
s_bird_212,resnet50_tl_20250829,8,4,12,160,16.0,164.0,153.9158935546875,153.538330078125,0.3775634765625
s_bird_212,resnet50_tl_20250829,8,4,12,164,16.0,168.0,153.9158935546875,153.85166931152344,0.0642242431640625
s_bird_212,resnet50_tl_20250829,8,4,12,168,16.0,172.0,153.9158935546875,153.89178466796875,0.02410888671875
s_bird_212,resnet50_tl_20250829,8,4,12,172,16.0,176.0,153.9158935546875,153.5181427001953,0.3977508544921875
s_bird_212,resnet50_tl_20250829,8,4,12,176,16.0,180.0,153.9158935546875,153.50355529785156,0.4123382568359375
s_bird_212,resnet50_tl_20250829,8,4,12,180,16.0,184.0,153.9158935546875,153.8057098388672,0.1101837158203125
s_bird_212,resnet50_tl_20250829,8,4,12,184,16.0,188.0,153.9158935546875,153.90098571777344,0.0149078369140625
s_bird_212,resnet50_tl_20250829,8,4,12,188,16.0,192.0,153.9158935546875,153.5340576171875,0.3818359375
s_bird_212,resnet50_tl_20250829,8,4,12,192,16.0,196.0,153.9158935546875,153.56895446777344,0.3469390869140625
s_bird_212,resnet50_tl_20250829,8,4,12,196,16.0,200.0,153.9158935546875,153.79025268554688,0.125640869140625
s_bird_212,resnet50_tl_20250829,8,4,12,200,16.0,204.0,153.9158935546875,153.9155731201172,0.0003204345703125
s_bird_212,resnet50_tl_20250829,8,4,12,204,16.0,208.0,153.9158935546875,153.7561798095703,0.1597137451171875
s_bird_212,resnet50_tl_20250829,8,4,12,208,16.0,212.0,153.9158935546875,153.7239227294922,0.1919708251953125
s_bird_212,resnet50_tl_20250829,8,4,12,212,16.0,216.0,153.9158935546875,153.78982543945312,0.126068115234375
s_bird_212,resnet50_tl_20250829,8,4,12,216,16.0,220.0,153.9158935546875,153.8395233154297,0.0763702392578125
s_bird_212,resnet50_tl_20250829,8,4,16,0,20.0,4.0,153.9158935546875,153.54098510742188,0.374908447265625
s_bird_212,resnet50_tl_20250829,8,4,16,4,20.0,8.0,153.9158935546875,153.68360900878906,0.2322845458984375
s_bird_212,resnet50_tl_20250829,8,4,16,8,20.0,12.0,153.9158935546875,153.81614685058594,0.0997467041015625
s_bird_212,resnet50_tl_20250829,8,4,16,12,20.0,16.0,153.9158935546875,153.62704467773438,0.288848876953125
s_bird_212,resnet50_tl_20250829,8,4,16,16,20.0,20.0,153.9158935546875,153.6260223388672,0.2898712158203125
s_bird_212,resnet50_tl_20250829,8,4,16,20,20.0,24.0,153.9158935546875,153.65821838378906,0.2576751708984375
s_bird_212,resnet50_tl_20250829,8,4,16,24,20.0,28.0,153.9158935546875,153.76834106445312,0.147552490234375
s_bird_212,resnet50_tl_20250829,8,4,16,28,20.0,32.0,153.9158935546875,153.55270385742188,0.363189697265625
s_bird_212,resnet50_tl_20250829,8,4,16,32,20.0,36.0,153.9158935546875,153.61935424804688,0.296539306640625
s_bird_212,resnet50_tl_20250829,8,4,16,36,20.0,40.0,153.9158935546875,153.708251953125,0.2076416015625
s_bird_212,resnet50_tl_20250829,8,4,16,40,20.0,44.0,153.9158935546875,153.80865478515625,0.10723876953125
s_bird_212,resnet50_tl_20250829,8,4,16,44,20.0,48.0,153.9158935546875,153.54736328125,0.3685302734375
s_bird_212,resnet50_tl_20250829,8,4,16,48,20.0,52.0,153.9158935546875,153.5955810546875,0.3203125
s_bird_212,resnet50_tl_20250829,8,4,16,52,20.0,56.0,153.9158935546875,153.68966674804688,0.226226806640625
s_bird_212,resnet50_tl_20250829,8,4,16,56,20.0,60.0,153.9158935546875,153.83297729492188,0.082916259765625
s_bird_212,resnet50_tl_20250829,8,4,16,60,20.0,64.0,153.9158935546875,153.60385131835938,0.312042236328125
s_bird_212,resnet50_tl_20250829,8,4,16,64,20.0,68.0,153.9158935546875,153.67124938964844,0.2446441650390625
s_bird_212,resnet50_tl_20250829,8,4,16,68,20.0,72.0,153.9158935546875,153.76614379882812,0.149749755859375
s_bird_212,resnet50_tl_20250829,8,4,16,72,20.0,76.0,153.9158935546875,153.84466552734375,0.07122802734375
s_bird_212,resnet50_tl_20250829,8,4,16,76,20.0,80.0,153.9158935546875,153.550048828125,0.3658447265625
s_bird_212,resnet50_tl_20250829,8,4,16,80,20.0,84.0,153.9158935546875,153.58029174804688,0.335601806640625
s_bird_212,resnet50_tl_20250829,8,4,16,84,20.0,88.0,153.9158935546875,153.6903839111328,0.2255096435546875
s_bird_212,resnet50_tl_20250829,8,4,16,88,20.0,92.0,153.9158935546875,153.82949829101562,0.086395263671875
s_bird_212,resnet50_tl_20250829,8,4,16,92,20.0,96.0,153.9158935546875,153.5666961669922,0.3491973876953125
s_bird_212,resnet50_tl_20250829,8,4,16,96,20.0,100.0,153.9158935546875,153.61532592773438,0.300567626953125
s_bird_212,resnet50_tl_20250829,8,4,16,100,20.0,104.0,153.9158935546875,153.72537231445312,0.190521240234375
s_bird_212,resnet50_tl_20250829,8,4,16,104,20.0,108.0,153.9158935546875,153.81109619140625,0.10479736328125
s_bird_212,resnet50_tl_20250829,8,4,16,108,20.0,112.0,153.9158935546875,153.49130249023438,0.424591064453125
s_bird_212,resnet50_tl_20250829,8,4,16,112,20.0,116.0,153.9158935546875,153.51004028320312,0.405853271484375
s_bird_212,resnet50_tl_20250829,8,4,16,116,20.0,120.0,153.9158935546875,153.63320922851562,0.282684326171875
s_bird_212,resnet50_tl_20250829,8,4,16,120,20.0,124.0,153.9158935546875,153.78445434570312,0.131439208984375
s_bird_212,resnet50_tl_20250829,8,4,16,124,20.0,128.0,153.9158935546875,153.5012664794922,0.4146270751953125
s_bird_212,resnet50_tl_20250829,8,4,16,128,20.0,132.0,153.9158935546875,153.5404052734375,0.37548828125
s_bird_212,resnet50_tl_20250829,8,4,16,132,20.0,136.0,153.9158935546875,153.67967224121094,0.2362213134765625
s_bird_212,resnet50_tl_20250829,8,4,16,136,20.0,140.0,153.9158935546875,153.79501342773438,0.120880126953125
s_bird_212,resnet50_tl_20250829,8,4,16,140,20.0,144.0,153.9158935546875,153.46583557128906,0.4500579833984375
s_bird_212,resnet50_tl_20250829,8,4,16,144,20.0,148.0,153.9158935546875,153.49143981933594,0.4244537353515625
s_bird_212,resnet50_tl_20250829,8,4,16,148,20.0,152.0,153.9158935546875,153.63925170898438,0.276641845703125
s_bird_212,resnet50_tl_20250829,8,4,16,152,20.0,156.0,153.9158935546875,153.8148193359375,0.10107421875
s_bird_212,resnet50_tl_20250829,8,4,16,156,20.0,160.0,153.9158935546875,153.51670837402344,0.3991851806640625
s_bird_212,resnet50_tl_20250829,8,4,16,160,20.0,164.0,153.9158935546875,153.56553649902344,0.3503570556640625
s_bird_212,resnet50_tl_20250829,8,4,16,164,20.0,168.0,153.9158935546875,153.72686767578125,0.18902587890625
s_bird_212,resnet50_tl_20250829,8,4,16,168,20.0,172.0,153.9158935546875,153.84645080566406,0.0694427490234375
s_bird_212,resnet50_tl_20250829,8,4,16,172,20.0,176.0,153.9158935546875,153.5253143310547,0.3905792236328125
s_bird_212,resnet50_tl_20250829,8,4,16,176,20.0,180.0,153.9158935546875,153.54510498046875,0.37078857421875
s_bird_212,resnet50_tl_20250829,8,4,16,180,20.0,184.0,153.9158935546875,153.69110107421875,0.22479248046875
s_bird_212,resnet50_tl_20250829,8,4,16,184,20.0,188.0,153.9158935546875,153.85086059570312,0.065032958984375
s_bird_212,resnet50_tl_20250829,8,4,16,188,20.0,192.0,153.9158935546875,153.56964111328125,0.34625244140625
s_bird_212,resnet50_tl_20250829,8,4,16,192,20.0,196.0,153.9158935546875,153.59823608398438,0.317657470703125
s_bird_212,resnet50_tl_20250829,8,4,16,196,20.0,200.0,153.9158935546875,153.71658325195312,0.199310302734375
s_bird_212,resnet50_tl_20250829,8,4,16,200,20.0,204.0,153.9158935546875,153.85699462890625,0.05889892578125
s_bird_212,resnet50_tl_20250829,8,4,16,204,20.0,208.0,153.9158935546875,153.7368621826172,0.1790313720703125
s_bird_212,resnet50_tl_20250829,8,4,16,208,20.0,212.0,153.9158935546875,153.7426300048828,0.1732635498046875
s_bird_212,resnet50_tl_20250829,8,4,16,212,20.0,216.0,153.9158935546875,153.75576782226562,0.160125732421875
s_bird_212,resnet50_tl_20250829,8,4,16,216,20.0,220.0,153.9158935546875,153.81358337402344,0.1023101806640625
s_bird_212,resnet50_tl_20250829,8,4,20,0,24.0,4.0,153.9158935546875,153.8861083984375,0.02978515625
s_bird_212,resnet50_tl_20250829,8,4,20,4,24.0,8.0,153.9158935546875,153.77330017089844,0.1425933837890625
s_bird_212,resnet50_tl_20250829,8,4,20,8,24.0,12.0,153.9158935546875,153.8636932373047,0.0522003173828125
s_bird_212,resnet50_tl_20250829,8,4,20,12,24.0,16.0,153.9158935546875,153.81887817382812,0.097015380859375
s_bird_212,resnet50_tl_20250829,8,4,20,16,24.0,20.0,153.9158935546875,153.795654296875,0.1202392578125
s_bird_212,resnet50_tl_20250829,8,4,20,20,24.0,24.0,153.9158935546875,153.78817749023438,0.127716064453125
s_bird_212,resnet50_tl_20250829,8,4,20,24,24.0,28.0,153.9158935546875,153.7994842529297,0.1164093017578125
s_bird_212,resnet50_tl_20250829,8,4,20,28,24.0,32.0,153.9158935546875,153.8019561767578,0.1139373779296875
s_bird_212,resnet50_tl_20250829,8,4,20,32,24.0,36.0,153.9158935546875,153.82546997070312,0.090423583984375
s_bird_212,resnet50_tl_20250829,8,4,20,36,24.0,40.0,153.9158935546875,153.85455322265625,0.06134033203125
s_bird_212,resnet50_tl_20250829,8,4,20,40,24.0,44.0,153.9158935546875,153.81846618652344,0.0974273681640625
s_bird_212,resnet50_tl_20250829,8,4,20,44,24.0,48.0,153.9158935546875,153.81900024414062,0.096893310546875
s_bird_212,resnet50_tl_20250829,8,4,20,48,24.0,52.0,153.9158935546875,153.84791564941406,0.0679779052734375
s_bird_212,resnet50_tl_20250829,8,4,20,52,24.0,56.0,153.9158935546875,153.8490753173828,0.0668182373046875
s_bird_212,resnet50_tl_20250829,8,4,20,56,24.0,60.0,153.9158935546875,153.84906005859375,0.06683349609375
s_bird_212,resnet50_tl_20250829,8,4,20,60,24.0,64.0,153.9158935546875,153.8435516357422,0.0723419189453125
s_bird_212,resnet50_tl_20250829,8,4,20,64,24.0,68.0,153.9158935546875,153.8887176513672,0.0271759033203125
s_bird_212,resnet50_tl_20250829,8,4,20,68,24.0,72.0,153.9158935546875,153.86729431152344,0.0485992431640625
s_bird_212,resnet50_tl_20250829,8,4,20,72,24.0,76.0,153.9158935546875,153.83839416503906,0.0774993896484375
s_bird_212,resnet50_tl_20250829,8,4,20,76,24.0,80.0,153.9158935546875,153.82374572753906,0.0921478271484375
s_bird_212,resnet50_tl_20250829,8,4,20,80,24.0,84.0,153.9158935546875,153.8448028564453,0.0710906982421875
s_bird_212,resnet50_tl_20250829,8,4,20,84,24.0,88.0,153.9158935546875,153.82371520996094,0.0921783447265625
s_bird_212,resnet50_tl_20250829,8,4,20,88,24.0,92.0,153.9158935546875,153.83529663085938,0.080596923828125
s_bird_212,resnet50_tl_20250829,8,4,20,92,24.0,96.0,153.9158935546875,153.8279571533203,0.0879364013671875
s_bird_212,resnet50_tl_20250829,8,4,20,96,24.0,100.0,153.9158935546875,153.84646606445312,0.069427490234375
s_bird_212,resnet50_tl_20250829,8,4,20,100,24.0,104.0,153.9158935546875,153.83082580566406,0.0850677490234375
s_bird_212,resnet50_tl_20250829,8,4,20,104,24.0,108.0,153.9158935546875,153.8006134033203,0.1152801513671875
s_bird_212,resnet50_tl_20250829,8,4,20,108,24.0,112.0,153.9158935546875,153.78732299804688,0.128570556640625
s_bird_212,resnet50_tl_20250829,8,4,20,112,24.0,116.0,153.9158935546875,153.79420471191406,0.1216888427734375
s_bird_212,resnet50_tl_20250829,8,4,20,116,24.0,120.0,153.9158935546875,153.77627563476562,0.139617919921875
s_bird_212,resnet50_tl_20250829,8,4,20,120,24.0,124.0,153.9158935546875,153.7915802001953,0.1243133544921875
s_bird_212,resnet50_tl_20250829,8,4,20,124,24.0,128.0,153.9158935546875,153.7891845703125,0.126708984375
s_bird_212,resnet50_tl_20250829,8,4,20,128,24.0,132.0,153.9158935546875,153.81729125976562,0.098602294921875
s_bird_212,resnet50_tl_20250829,8,4,20,132,24.0,136.0,153.9158935546875,153.81153869628906,0.1043548583984375
s_bird_212,resnet50_tl_20250829,8,4,20,136,24.0,140.0,153.9158935546875,153.791259765625,0.1246337890625
s_bird_212,resnet50_tl_20250829,8,4,20,140,24.0,144.0,153.9158935546875,153.78953552246094,0.1263580322265625
s_bird_212,resnet50_tl_20250829,8,4,20,144,24.0,148.0,153.9158935546875,153.81895446777344,0.0969390869140625
s_bird_212,resnet50_tl_20250829,8,4,20,148,24.0,152.0,153.9158935546875,153.80096435546875,0.11492919921875
s_bird_212,resnet50_tl_20250829,8,4,20,152,24.0,156.0,153.9158935546875,153.83010864257812,0.085784912109375
s_bird_212,resnet50_tl_20250829,8,4,20,156,24.0,160.0,153.9158935546875,153.8326416015625,0.083251953125
s_bird_212,resnet50_tl_20250829,8,4,20,160,24.0,164.0,153.9158935546875,153.88424682617188,0.031646728515625
s_bird_212,resnet50_tl_20250829,8,4,20,164,24.0,168.0,153.9158935546875,153.8723602294922,0.0435333251953125
s_bird_212,resnet50_tl_20250829,8,4,20,168,24.0,172.0,153.9158935546875,153.86705017089844,0.0488433837890625
s_bird_212,resnet50_tl_20250829,8,4,20,172,24.0,176.0,153.9158935546875,153.8668975830078,0.0489959716796875
s_bird_212,resnet50_tl_20250829,8,4,20,176,24.0,180.0,153.9158935546875,153.8914031982422,0.0244903564453125
s_bird_212,resnet50_tl_20250829,8,4,20,180,24.0,184.0,153.9158935546875,153.8609161376953,0.0549774169921875
s_bird_212,resnet50_tl_20250829,8,4,20,184,24.0,188.0,153.9158935546875,153.8719024658203,0.0439910888671875
s_bird_212,resnet50_tl_20250829,8,4,20,188,24.0,192.0,153.9158935546875,153.85214233398438,0.063751220703125
s_bird_212,resnet50_tl_20250829,8,4,20,192,24.0,196.0,153.9158935546875,153.921875,-0.0059814453125
s_bird_212,resnet50_tl_20250829,8,4,20,196,24.0,200.0,153.9158935546875,153.8739471435547,0.0419464111328125
s_bird_212,resnet50_tl_20250829,8,4,20,200,24.0,204.0,153.9158935546875,153.8709259033203,0.0449676513671875
s_bird_212,resnet50_tl_20250829,8,4,20,204,24.0,208.0,153.9158935546875,153.9110565185547,0.0048370361328125
s_bird_212,resnet50_tl_20250829,8,4,20,208,24.0,212.0,153.9158935546875,153.95411682128906,-0.0382232666015625
s_bird_212,resnet50_tl_20250829,8,4,20,212,24.0,216.0,153.9158935546875,153.8605194091797,0.0553741455078125
s_bird_212,resnet50_tl_20250829,8,4,20,216,24.0,220.0,153.9158935546875,153.80120849609375,0.11468505859375
s_bird_212,resnet50_tl_20250829,8,4,24,0,28.0,4.0,153.9158935546875,153.68927001953125,0.22662353515625
s_bird_212,resnet50_tl_20250829,8,4,24,4,28.0,8.0,153.9158935546875,153.69223022460938,0.223663330078125
s_bird_212,resnet50_tl_20250829,8,4,24,8,28.0,12.0,153.9158935546875,153.75640869140625,0.15948486328125
s_bird_212,resnet50_tl_20250829,8,4,24,12,28.0,16.0,153.9158935546875,153.5767822265625,0.339111328125
s_bird_212,resnet50_tl_20250829,8,4,24,16,28.0,20.0,153.9158935546875,153.58160400390625,0.33428955078125
s_bird_212,resnet50_tl_20250829,8,4,24,20,28.0,24.0,153.9158935546875,153.64259338378906,0.2733001708984375
s_bird_212,resnet50_tl_20250829,8,4,24,24,28.0,28.0,153.9158935546875,153.7078857421875,0.2080078125
s_bird_212,resnet50_tl_20250829,8,4,24,28,28.0,32.0,153.9158935546875,153.5556640625,0.3602294921875
s_bird_212,resnet50_tl_20250829,8,4,24,32,28.0,36.0,153.9158935546875,153.61734008789062,0.298553466796875
s_bird_212,resnet50_tl_20250829,8,4,24,36,28.0,40.0,153.9158935546875,153.66925048828125,0.24664306640625
s_bird_212,resnet50_tl_20250829,8,4,24,40,28.0,44.0,153.9158935546875,153.7398223876953,0.1760711669921875
s_bird_212,resnet50_tl_20250829,8,4,24,44,28.0,48.0,153.9158935546875,153.60867309570312,0.307220458984375
s_bird_212,resnet50_tl_20250829,8,4,24,48,28.0,52.0,153.9158935546875,153.6562042236328,0.2596893310546875
s_bird_212,resnet50_tl_20250829,8,4,24,52,28.0,56.0,153.9158935546875,153.70162963867188,0.214263916015625
s_bird_212,resnet50_tl_20250829,8,4,24,56,28.0,60.0,153.9158935546875,153.79498291015625,0.12091064453125
s_bird_212,resnet50_tl_20250829,8,4,24,60,28.0,64.0,153.9158935546875,153.67135620117188,0.244537353515625
s_bird_212,resnet50_tl_20250829,8,4,24,64,28.0,68.0,153.9158935546875,153.72267150878906,0.1932220458984375
s_bird_212,resnet50_tl_20250829,8,4,24,68,28.0,72.0,153.9158935546875,153.74644470214844,0.1694488525390625
s_bird_212,resnet50_tl_20250829,8,4,24,72,28.0,76.0,153.9158935546875,153.7884063720703,0.1274871826171875
s_bird_212,resnet50_tl_20250829,8,4,24,76,28.0,80.0,153.9158935546875,153.68682861328125,0.22906494140625
s_bird_212,resnet50_tl_20250829,8,4,24,80,28.0,84.0,153.9158935546875,153.7171630859375,0.19873046875
s_bird_212,resnet50_tl_20250829,8,4,24,84,28.0,88.0,153.9158935546875,153.72955322265625,0.18634033203125
s_bird_212,resnet50_tl_20250829,8,4,24,88,28.0,92.0,153.9158935546875,153.7738037109375,0.14208984375
s_bird_212,resnet50_tl_20250829,8,4,24,92,28.0,96.0,153.9158935546875,153.6585693359375,0.25732421875
s_bird_212,resnet50_tl_20250829,8,4,24,96,28.0,100.0,153.9158935546875,153.69432067871094,0.2215728759765625
s_bird_212,resnet50_tl_20250829,8,4,24,100,28.0,104.0,153.9158935546875,153.69955444335938,0.216339111328125
s_bird_212,resnet50_tl_20250829,8,4,24,104,28.0,108.0,153.9158935546875,153.73243713378906,0.1834564208984375
s_bird_212,resnet50_tl_20250829,8,4,24,108,28.0,112.0,153.9158935546875,153.61676025390625,0.29913330078125
s_bird_212,resnet50_tl_20250829,8,4,24,112,28.0,116.0,153.9158935546875,153.6532440185547,0.2626495361328125
s_bird_212,resnet50_tl_20250829,8,4,24,116,28.0,120.0,153.9158935546875,153.64935302734375,0.26654052734375
s_bird_212,resnet50_tl_20250829,8,4,24,120,28.0,124.0,153.9158935546875,153.71044921875,0.2054443359375
s_bird_212,resnet50_tl_20250829,8,4,24,124,28.0,128.0,153.9158935546875,153.57275390625,0.3431396484375
s_bird_212,resnet50_tl_20250829,8,4,24,128,28.0,132.0,153.9158935546875,153.62420654296875,0.29168701171875
s_bird_212,resnet50_tl_20250829,8,4,24,132,28.0,136.0,153.9158935546875,153.64895629882812,0.266937255859375
s_bird_212,resnet50_tl_20250829,8,4,24,136,28.0,140.0,153.9158935546875,153.72215270996094,0.1937408447265625
s_bird_212,resnet50_tl_20250829,8,4,24,140,28.0,144.0,153.9158935546875,153.5944061279297,0.3214874267578125
s_bird_212,resnet50_tl_20250829,8,4,24,144,28.0,148.0,153.9158935546875,153.6470184326172,0.2688751220703125
s_bird_212,resnet50_tl_20250829,8,4,24,148,28.0,152.0,153.9158935546875,153.66726684570312,0.248626708984375
s_bird_212,resnet50_tl_20250829,8,4,24,152,28.0,156.0,153.9158935546875,153.75485229492188,0.161041259765625
s_bird_212,resnet50_tl_20250829,8,4,24,156,28.0,160.0,153.9158935546875,153.60694885253906,0.3089447021484375
s_bird_212,resnet50_tl_20250829,8,4,24,160,28.0,164.0,153.9158935546875,153.6698455810547,0.2460479736328125
s_bird_212,resnet50_tl_20250829,8,4,24,164,28.0,168.0,153.9158935546875,153.71275329589844,0.2031402587890625
s_bird_212,resnet50_tl_20250829,8,4,24,168,28.0,172.0,153.9158935546875,153.80087280273438,0.115020751953125
s_bird_212,resnet50_tl_20250829,8,4,24,172,28.0,176.0,153.9158935546875,153.67913818359375,0.23675537109375
s_bird_212,resnet50_tl_20250829,8,4,24,176,28.0,180.0,153.9158935546875,153.72447204589844,0.1914215087890625
s_bird_212,resnet50_tl_20250829,8,4,24,180,28.0,184.0,153.9158935546875,153.73207092285156,0.1838226318359375
s_bird_212,resnet50_tl_20250829,8,4,24,184,28.0,188.0,153.9158935546875,153.8187255859375,0.09716796875
s_bird_212,resnet50_tl_20250829,8,4,24,188,28.0,192.0,153.9158935546875,153.68142700195312,0.234466552734375
s_bird_212,resnet50_tl_20250829,8,4,24,192,28.0,196.0,153.9158935546875,153.74569702148438,0.170196533203125
s_bird_212,resnet50_tl_20250829,8,4,24,196,28.0,200.0,153.9158935546875,153.75193786621094,0.1639556884765625
s_bird_212,resnet50_tl_20250829,8,4,24,200,28.0,204.0,153.9158935546875,153.845703125,0.0701904296875
s_bird_212,resnet50_tl_20250829,8,4,24,204,28.0,208.0,153.9158935546875,153.83815002441406,0.0777435302734375
s_bird_212,resnet50_tl_20250829,8,4,24,208,28.0,212.0,153.9158935546875,153.8675537109375,0.04833984375
s_bird_212,resnet50_tl_20250829,8,4,24,212,28.0,216.0,153.9158935546875,153.79432678222656,0.1215667724609375
s_bird_212,resnet50_tl_20250829,8,4,24,216,28.0,220.0,153.9158935546875,153.8099365234375,0.10595703125
s_bird_212,resnet50_tl_20250829,8,4,28,0,32.0,4.0,153.9158935546875,153.37933349609375,0.53656005859375
s_bird_212,resnet50_tl_20250829,8,4,28,4,32.0,8.0,153.9158935546875,153.71905517578125,0.19683837890625
s_bird_212,resnet50_tl_20250829,8,4,28,8,32.0,12.0,153.9158935546875,153.79246520996094,0.1234283447265625
s_bird_212,resnet50_tl_20250829,8,4,28,12,32.0,16.0,153.9158935546875,153.5215301513672,0.3943634033203125
s_bird_212,resnet50_tl_20250829,8,4,28,16,32.0,20.0,153.9158935546875,153.448974609375,0.4669189453125
s_bird_212,resnet50_tl_20250829,8,4,28,20,32.0,24.0,153.9158935546875,153.73049926757812,0.185394287109375
s_bird_212,resnet50_tl_20250829,8,4,28,24,32.0,28.0,153.9158935546875,153.80540466308594,0.1104888916015625
s_bird_212,resnet50_tl_20250829,8,4,28,28,32.0,32.0,153.9158935546875,153.3927764892578,0.5231170654296875
s_bird_212,resnet50_tl_20250829,8,4,28,32,32.0,36.0,153.9158935546875,153.38333129882812,0.532562255859375
s_bird_212,resnet50_tl_20250829,8,4,28,36,32.0,40.0,153.9158935546875,153.76734924316406,0.1485443115234375
s_bird_212,resnet50_tl_20250829,8,4,28,40,32.0,44.0,153.9158935546875,153.8008270263672,0.1150665283203125
s_bird_212,resnet50_tl_20250829,8,4,28,44,32.0,48.0,153.9158935546875,153.54161071777344,0.3742828369140625
s_bird_212,resnet50_tl_20250829,8,4,28,48,32.0,52.0,153.9158935546875,153.50357055664062,0.412322998046875
s_bird_212,resnet50_tl_20250829,8,4,28,52,32.0,56.0,153.9158935546875,153.8109893798828,0.1049041748046875
s_bird_212,resnet50_tl_20250829,8,4,28,56,32.0,60.0,153.9158935546875,153.8662872314453,0.0496063232421875
s_bird_212,resnet50_tl_20250829,8,4,28,60,32.0,64.0,153.9158935546875,153.5303192138672,0.3855743408203125
s_bird_212,resnet50_tl_20250829,8,4,28,64,32.0,68.0,153.9158935546875,153.5371856689453,0.3787078857421875
s_bird_212,resnet50_tl_20250829,8,4,28,68,32.0,72.0,153.9158935546875,153.83645629882812,0.079437255859375
s_bird_212,resnet50_tl_20250829,8,4,28,72,32.0,76.0,153.9158935546875,153.84759521484375,0.06829833984375
s_bird_212,resnet50_tl_20250829,8,4,28,76,32.0,80.0,153.9158935546875,153.64886474609375,0.26702880859375
s_bird_212,resnet50_tl_20250829,8,4,28,80,32.0,84.0,153.9158935546875,153.5966339111328,0.3192596435546875
s_bird_212,resnet50_tl_20250829,8,4,28,84,32.0,88.0,153.9158935546875,153.858154296875,0.0577392578125
s_bird_212,resnet50_tl_20250829,8,4,28,88,32.0,92.0,153.9158935546875,153.85623168945312,0.059661865234375
s_bird_212,resnet50_tl_20250829,8,4,28,92,32.0,96.0,153.9158935546875,153.57984924316406,0.3360443115234375
s_bird_212,resnet50_tl_20250829,8,4,28,96,32.0,100.0,153.9158935546875,153.55177307128906,0.3641204833984375
s_bird_212,resnet50_tl_20250829,8,4,28,100,32.0,104.0,153.9158935546875,153.814697265625,0.1011962890625
s_bird_212,resnet50_tl_20250829,8,4,28,104,32.0,108.0,153.9158935546875,153.80438232421875,0.11151123046875
s_bird_212,resnet50_tl_20250829,8,4,28,108,32.0,112.0,153.9158935546875,153.58187866210938,0.334014892578125
s_bird_212,resnet50_tl_20250829,8,4,28,112,32.0,116.0,153.9158935546875,153.54718017578125,0.36871337890625
s_bird_212,resnet50_tl_20250829,8,4,28,116,32.0,120.0,153.9158935546875,153.80662536621094,0.1092681884765625
s_bird_212,resnet50_tl_20250829,8,4,28,120,32.0,124.0,153.9158935546875,153.80462646484375,0.11126708984375
s_bird_212,resnet50_tl_20250829,8,4,28,124,32.0,128.0,153.9158935546875,153.470947265625,0.4449462890625
s_bird_212,resnet50_tl_20250829,8,4,28,128,32.0,132.0,153.9158935546875,153.4559326171875,0.4599609375
s_bird_212,resnet50_tl_20250829,8,4,28,132,32.0,136.0,153.9158935546875,153.75270080566406,0.1631927490234375
s_bird_212,resnet50_tl_20250829,8,4,28,136,32.0,140.0,153.9158935546875,153.79798889160156,0.1179046630859375
s_bird_212,resnet50_tl_20250829,8,4,28,140,32.0,144.0,153.9158935546875,153.52099609375,0.3948974609375
s_bird_212,resnet50_tl_20250829,8,4,28,144,32.0,148.0,153.9158935546875,153.49002075195312,0.425872802734375
s_bird_212,resnet50_tl_20250829,8,4,28,148,32.0,152.0,153.9158935546875,153.78048706054688,0.135406494140625
s_bird_212,resnet50_tl_20250829,8,4,28,152,32.0,156.0,153.9158935546875,153.83351135253906,0.0823822021484375
s_bird_212,resnet50_tl_20250829,8,4,28,156,32.0,160.0,153.9158935546875,153.45643615722656,0.4594573974609375
s_bird_212,resnet50_tl_20250829,8,4,28,160,32.0,164.0,153.9158935546875,153.45950317382812,0.456390380859375
s_bird_212,resnet50_tl_20250829,8,4,28,164,32.0,168.0,153.9158935546875,153.794189453125,0.1217041015625
s_bird_212,resnet50_tl_20250829,8,4,28,168,32.0,172.0,153.9158935546875,153.85231018066406,0.0635833740234375
s_bird_212,resnet50_tl_20250829,8,4,28,172,32.0,176.0,153.9158935546875,153.58657836914062,0.329315185546875
s_bird_212,resnet50_tl_20250829,8,4,28,176,32.0,180.0,153.9158935546875,153.56466674804688,0.351226806640625
s_bird_212,resnet50_tl_20250829,8,4,28,180,32.0,184.0,153.9158935546875,153.8297119140625,0.086181640625
s_bird_212,resnet50_tl_20250829,8,4,28,184,32.0,188.0,153.9158935546875,153.890869140625,0.0250244140625
s_bird_212,resnet50_tl_20250829,8,4,28,188,32.0,192.0,153.9158935546875,153.51107788085938,0.404815673828125
s_bird_212,resnet50_tl_20250829,8,4,28,192,32.0,196.0,153.9158935546875,153.5513916015625,0.364501953125
s_bird_212,resnet50_tl_20250829,8,4,28,196,32.0,200.0,153.9158935546875,153.7586212158203,0.1572723388671875
s_bird_212,resnet50_tl_20250829,8,4,28,200,32.0,204.0,153.9158935546875,153.90757751464844,0.0083160400390625
s_bird_212,resnet50_tl_20250829,8,4,28,204,32.0,208.0,153.9158935546875,153.75485229492188,0.161041259765625
s_bird_212,resnet50_tl_20250829,8,4,28,208,32.0,212.0,153.9158935546875,153.74501037597656,0.1708831787109375
s_bird_212,resnet50_tl_20250829,8,4,28,212,32.0,216.0,153.9158935546875,153.7881317138672,0.1277618408203125
s_bird_212,resnet50_tl_20250829,8,4,28,216,32.0,220.0,153.9158935546875,153.82310485839844,0.0927886962890625
s_bird_212,resnet50_tl_20250829,8,4,32,0,36.0,4.0,153.9158935546875,153.4667205810547,0.4491729736328125
s_bird_212,resnet50_tl_20250829,8,4,32,4,36.0,8.0,153.9158935546875,153.68585205078125,0.23004150390625
s_bird_212,resnet50_tl_20250829,8,4,32,8,36.0,12.0,153.9158935546875,153.78726196289062,0.128631591796875
s_bird_212,resnet50_tl_20250829,8,4,32,12,36.0,16.0,153.9158935546875,153.48031616210938,0.435577392578125
s_bird_212,resnet50_tl_20250829,8,4,32,16,36.0,20.0,153.9158935546875,153.4812774658203,0.4346160888671875
s_bird_212,resnet50_tl_20250829,8,4,32,20,36.0,24.0,153.9158935546875,153.60665893554688,0.309234619140625
s_bird_212,resnet50_tl_20250829,8,4,32,24,36.0,28.0,153.9158935546875,153.752197265625,0.1636962890625
s_bird_212,resnet50_tl_20250829,8,4,32,28,36.0,32.0,153.9158935546875,153.3821258544922,0.5337677001953125
s_bird_212,resnet50_tl_20250829,8,4,32,32,36.0,36.0,153.9158935546875,153.42861938476562,0.487274169921875
s_bird_212,resnet50_tl_20250829,8,4,32,36,36.0,40.0,153.9158935546875,153.67327880859375,0.24261474609375
s_bird_212,resnet50_tl_20250829,8,4,32,40,36.0,44.0,153.9158935546875,153.7541046142578,0.1617889404296875
s_bird_212,resnet50_tl_20250829,8,4,32,44,36.0,48.0,153.9158935546875,153.49209594726562,0.423797607421875
s_bird_212,resnet50_tl_20250829,8,4,32,48,36.0,52.0,153.9158935546875,153.5106201171875,0.4052734375
s_bird_212,resnet50_tl_20250829,8,4,32,52,36.0,56.0,153.9158935546875,153.69676208496094,0.2191314697265625
s_bird_212,resnet50_tl_20250829,8,4,32,56,36.0,60.0,153.9158935546875,153.80978393554688,0.106109619140625
s_bird_212,resnet50_tl_20250829,8,4,32,60,36.0,64.0,153.9158935546875,153.54000854492188,0.375885009765625
s_bird_212,resnet50_tl_20250829,8,4,32,64,36.0,68.0,153.9158935546875,153.5594940185547,0.3563995361328125
s_bird_212,resnet50_tl_20250829,8,4,32,68,36.0,72.0,153.9158935546875,153.7375030517578,0.1783905029296875
s_bird_212,resnet50_tl_20250829,8,4,32,72,36.0,76.0,153.9158935546875,153.79600524902344,0.1198883056640625
s_bird_212,resnet50_tl_20250829,8,4,32,76,36.0,80.0,153.9158935546875,153.60435485839844,0.3115386962890625
s_bird_212,resnet50_tl_20250829,8,4,32,80,36.0,84.0,153.9158935546875,153.5836181640625,0.332275390625
s_bird_212,resnet50_tl_20250829,8,4,32,84,36.0,88.0,153.9158935546875,153.7355499267578,0.1803436279296875
s_bird_212,resnet50_tl_20250829,8,4,32,88,36.0,92.0,153.9158935546875,153.80657958984375,0.10931396484375
s_bird_212,resnet50_tl_20250829,8,4,32,92,36.0,96.0,153.9158935546875,153.5583038330078,0.3575897216796875
s_bird_212,resnet50_tl_20250829,8,4,32,96,36.0,100.0,153.9158935546875,153.5470733642578,0.3688201904296875
s_bird_212,resnet50_tl_20250829,8,4,32,100,36.0,104.0,153.9158935546875,153.69564819335938,0.220245361328125
s_bird_212,resnet50_tl_20250829,8,4,32,104,36.0,108.0,153.9158935546875,153.7479248046875,0.16796875
s_bird_212,resnet50_tl_20250829,8,4,32,108,36.0,112.0,153.9158935546875,153.52713012695312,0.388763427734375
s_bird_212,resnet50_tl_20250829,8,4,32,112,36.0,116.0,153.9158935546875,153.52890014648438,0.386993408203125
s_bird_212,resnet50_tl_20250829,8,4,32,116,36.0,120.0,153.9158935546875,153.6598663330078,0.2560272216796875
s_bird_212,resnet50_tl_20250829,8,4,32,120,36.0,124.0,153.9158935546875,153.73841857910156,0.1774749755859375
s_bird_212,resnet50_tl_20250829,8,4,32,124,36.0,128.0,153.9158935546875,153.44212341308594,0.4737701416015625
s_bird_212,resnet50_tl_20250829,8,4,32,128,36.0,132.0,153.9158935546875,153.45748901367188,0.458404541015625
s_bird_212,resnet50_tl_20250829,8,4,32,132,36.0,136.0,153.9158935546875,153.63604736328125,0.27984619140625
s_bird_212,resnet50_tl_20250829,8,4,32,136,36.0,140.0,153.9158935546875,153.73670959472656,0.1791839599609375
s_bird_212,resnet50_tl_20250829,8,4,32,140,36.0,144.0,153.9158935546875,153.47039794921875,0.44549560546875
s_bird_212,resnet50_tl_20250829,8,4,32,144,36.0,148.0,153.9158935546875,153.49053955078125,0.42535400390625
s_bird_212,resnet50_tl_20250829,8,4,32,148,36.0,152.0,153.9158935546875,153.6619873046875,0.25390625
s_bird_212,resnet50_tl_20250829,8,4,32,152,36.0,156.0,153.9158935546875,153.76327514648438,0.152618408203125
s_bird_212,resnet50_tl_20250829,8,4,32,156,36.0,160.0,153.9158935546875,153.43995666503906,0.4759368896484375
s_bird_212,resnet50_tl_20250829,8,4,32,160,36.0,164.0,153.9158935546875,153.47267150878906,0.4432220458984375
s_bird_212,resnet50_tl_20250829,8,4,32,164,36.0,168.0,153.9158935546875,153.68359375,0.2322998046875
s_bird_212,resnet50_tl_20250829,8,4,32,168,36.0,172.0,153.9158935546875,153.78575134277344,0.1301422119140625
s_bird_212,resnet50_tl_20250829,8,4,32,172,36.0,176.0,153.9158935546875,153.54234313964844,0.3735504150390625
s_bird_212,resnet50_tl_20250829,8,4,32,176,36.0,180.0,153.9158935546875,153.55838012695312,0.357513427734375
s_bird_212,resnet50_tl_20250829,8,4,32,180,36.0,184.0,153.9158935546875,153.70889282226562,0.207000732421875
s_bird_212,resnet50_tl_20250829,8,4,32,184,36.0,188.0,153.9158935546875,153.82699584960938,0.088897705078125
s_bird_212,resnet50_tl_20250829,8,4,32,188,36.0,192.0,153.9158935546875,153.52841186523438,0.387481689453125
s_bird_212,resnet50_tl_20250829,8,4,32,192,36.0,196.0,153.9158935546875,153.57586669921875,0.34002685546875
s_bird_212,resnet50_tl_20250829,8,4,32,196,36.0,200.0,153.9158935546875,153.72042846679688,0.195465087890625
s_bird_212,resnet50_tl_20250829,8,4,32,200,36.0,204.0,153.9158935546875,153.85922241210938,0.056671142578125
s_bird_212,resnet50_tl_20250829,8,4,32,204,36.0,208.0,153.9158935546875,153.73809814453125,0.17779541015625
s_bird_212,resnet50_tl_20250829,8,4,32,208,36.0,212.0,153.9158935546875,153.7462158203125,0.169677734375
s_bird_212,resnet50_tl_20250829,8,4,32,212,36.0,216.0,153.9158935546875,153.7583465576172,0.1575469970703125
s_bird_212,resnet50_tl_20250829,8,4,32,216,36.0,220.0,153.9158935546875,153.83261108398438,0.083282470703125
s_bird_212,resnet50_tl_20250829,8,4,36,0,40.0,4.0,153.9158935546875,153.83914184570312,0.076751708984375
s_bird_212,resnet50_tl_20250829,8,4,36,4,40.0,8.0,153.9158935546875,153.812744140625,0.1031494140625
s_bird_212,resnet50_tl_20250829,8,4,36,8,40.0,12.0,153.9158935546875,153.8361358642578,0.0797576904296875
s_bird_212,resnet50_tl_20250829,8,4,36,12,40.0,16.0,153.9158935546875,153.8370361328125,0.078857421875
s_bird_212,resnet50_tl_20250829,8,4,36,16,40.0,20.0,153.9158935546875,153.7800750732422,0.1358184814453125
s_bird_212,resnet50_tl_20250829,8,4,36,20,40.0,24.0,153.9158935546875,153.79884338378906,0.1170501708984375
s_bird_212,resnet50_tl_20250829,8,4,36,24,40.0,28.0,153.9158935546875,153.76136779785156,0.1545257568359375
s_bird_212,resnet50_tl_20250829,8,4,36,28,40.0,32.0,153.9158935546875,153.79396057128906,0.1219329833984375
s_bird_212,resnet50_tl_20250829,8,4,36,32,40.0,36.0,153.9158935546875,153.79330444335938,0.122589111328125
s_bird_212,resnet50_tl_20250829,8,4,36,36,40.0,40.0,153.9158935546875,153.8731231689453,0.0427703857421875
s_bird_212,resnet50_tl_20250829,8,4,36,40,40.0,44.0,153.9158935546875,153.78147888183594,0.1344146728515625
s_bird_212,resnet50_tl_20250829,8,4,36,44,40.0,48.0,153.9158935546875,153.84231567382812,0.073577880859375
s_bird_212,resnet50_tl_20250829,8,4,36,48,40.0,52.0,153.9158935546875,153.81716918945312,0.098724365234375
s_bird_212,resnet50_tl_20250829,8,4,36,52,40.0,56.0,153.9158935546875,153.91455078125,0.0013427734375
s_bird_212,resnet50_tl_20250829,8,4,36,56,40.0,60.0,153.9158935546875,153.83741760253906,0.0784759521484375
s_bird_212,resnet50_tl_20250829,8,4,36,60,40.0,64.0,153.9158935546875,153.89089965820312,0.024993896484375
s_bird_212,resnet50_tl_20250829,8,4,36,64,40.0,68.0,153.9158935546875,153.85435485839844,0.0615386962890625
s_bird_212,resnet50_tl_20250829,8,4,36,68,40.0,72.0,153.9158935546875,153.92578125,-0.0098876953125
s_bird_212,resnet50_tl_20250829,8,4,36,72,40.0,76.0,153.9158935546875,153.82701110839844,0.0888824462890625
s_bird_212,resnet50_tl_20250829,8,4,36,76,40.0,80.0,153.9158935546875,153.8994903564453,0.0164031982421875
s_bird_212,resnet50_tl_20250829,8,4,36,80,40.0,84.0,153.9158935546875,153.82582092285156,0.0900726318359375
s_bird_212,resnet50_tl_20250829,8,4,36,84,40.0,88.0,153.9158935546875,153.92356872558594,-0.0076751708984375
s_bird_212,resnet50_tl_20250829,8,4,36,88,40.0,92.0,153.9158935546875,153.84884643554688,0.067047119140625
s_bird_212,resnet50_tl_20250829,8,4,36,92,40.0,96.0,153.9158935546875,153.8863067626953,0.0295867919921875
s_bird_212,resnet50_tl_20250829,8,4,36,96,40.0,100.0,153.9158935546875,153.8228759765625,0.093017578125
s_bird_212,resnet50_tl_20250829,8,4,36,100,40.0,104.0,153.9158935546875,153.87335205078125,0.04254150390625
s_bird_212,resnet50_tl_20250829,8,4,36,104,40.0,108.0,153.9158935546875,153.78077697753906,0.1351165771484375
s_bird_212,resnet50_tl_20250829,8,4,36,108,40.0,112.0,153.9158935546875,153.83787536621094,0.0780181884765625
s_bird_212,resnet50_tl_20250829,8,4,36,112,40.0,116.0,153.9158935546875,153.77658081054688,0.139312744140625
s_bird_212,resnet50_tl_20250829,8,4,36,116,40.0,120.0,153.9158935546875,153.82652282714844,0.0893707275390625
s_bird_212,resnet50_tl_20250829,8,4,36,120,40.0,124.0,153.9158935546875,153.7669677734375,0.14892578125
s_bird_212,resnet50_tl_20250829,8,4,36,124,40.0,128.0,153.9158935546875,153.79815673828125,0.11773681640625
s_bird_212,resnet50_tl_20250829,8,4,36,128,40.0,132.0,153.9158935546875,153.78497314453125,0.13092041015625
s_bird_212,resnet50_tl_20250829,8,4,36,132,40.0,136.0,153.9158935546875,153.80821228027344,0.1076812744140625
s_bird_212,resnet50_tl_20250829,8,4,36,136,40.0,140.0,153.9158935546875,153.74795532226562,0.167938232421875
s_bird_212,resnet50_tl_20250829,8,4,36,140,40.0,144.0,153.9158935546875,153.80487060546875,0.11102294921875
s_bird_212,resnet50_tl_20250829,8,4,36,144,40.0,148.0,153.9158935546875,153.78375244140625,0.13214111328125
s_bird_212,resnet50_tl_20250829,8,4,36,148,40.0,152.0,153.9158935546875,153.83056640625,0.0853271484375
s_bird_212,resnet50_tl_20250829,8,4,36,152,40.0,156.0,153.9158935546875,153.79061889648438,0.125274658203125
s_bird_212,resnet50_tl_20250829,8,4,36,156,40.0,160.0,153.9158935546875,153.83016967773438,0.085723876953125
s_bird_212,resnet50_tl_20250829,8,4,36,160,40.0,164.0,153.9158935546875,153.83935546875,0.0765380859375
s_bird_212,resnet50_tl_20250829,8,4,36,164,40.0,168.0,153.9158935546875,153.86187744140625,0.05401611328125
s_bird_212,resnet50_tl_20250829,8,4,36,168,40.0,172.0,153.9158935546875,153.8153076171875,0.1005859375
s_bird_212,resnet50_tl_20250829,8,4,36,172,40.0,176.0,153.9158935546875,153.86834716796875,0.04754638671875
s_bird_212,resnet50_tl_20250829,8,4,36,176,40.0,180.0,153.9158935546875,153.8439483642578,0.0719451904296875
s_bird_212,resnet50_tl_20250829,8,4,36,180,40.0,184.0,153.9158935546875,153.87460327148438,0.041290283203125
s_bird_212,resnet50_tl_20250829,8,4,36,184,40.0,188.0,153.9158935546875,153.8550262451172,0.0608673095703125
s_bird_212,resnet50_tl_20250829,8,4,36,188,40.0,192.0,153.9158935546875,153.85821533203125,0.05767822265625
s_bird_212,resnet50_tl_20250829,8,4,36,192,40.0,196.0,153.9158935546875,153.91207885742188,0.003814697265625
s_bird_212,resnet50_tl_20250829,8,4,36,196,40.0,200.0,153.9158935546875,153.87069702148438,0.045196533203125
s_bird_212,resnet50_tl_20250829,8,4,36,200,40.0,204.0,153.9158935546875,153.86582946777344,0.0500640869140625
s_bird_212,resnet50_tl_20250829,8,4,36,204,40.0,208.0,153.9158935546875,153.91522216796875,0.00067138671875
s_bird_212,resnet50_tl_20250829,8,4,36,208,40.0,212.0,153.9158935546875,153.95169067382812,-0.035797119140625
s_bird_212,resnet50_tl_20250829,8,4,36,212,40.0,216.0,153.9158935546875,153.86236572265625,0.05352783203125
s_bird_212,resnet50_tl_20250829,8,4,36,216,40.0,220.0,153.9158935546875,153.8168182373047,0.0990753173828125
s_bird_212,resnet50_tl_20250829,8,4,40,0,44.0,4.0,153.9158935546875,153.76669311523438,0.149200439453125
s_bird_212,resnet50_tl_20250829,8,4,40,4,44.0,8.0,153.9158935546875,153.7580108642578,0.1578826904296875
s_bird_212,resnet50_tl_20250829,8,4,40,8,44.0,12.0,153.9158935546875,153.77960205078125,0.13629150390625
s_bird_212,resnet50_tl_20250829,8,4,40,12,44.0,16.0,153.9158935546875,153.63912963867188,0.276763916015625
s_bird_212,resnet50_tl_20250829,8,4,40,16,44.0,20.0,153.9158935546875,153.6325225830078,0.2833709716796875
s_bird_212,resnet50_tl_20250829,8,4,40,20,44.0,24.0,153.9158935546875,153.6471405029297,0.2687530517578125
s_bird_212,resnet50_tl_20250829,8,4,40,24,44.0,28.0,153.9158935546875,153.6748046875,0.2410888671875
s_bird_212,resnet50_tl_20250829,8,4,40,28,44.0,32.0,153.9158935546875,153.502197265625,0.4136962890625
s_bird_212,resnet50_tl_20250829,8,4,40,32,44.0,36.0,153.9158935546875,153.5392608642578,0.3766326904296875
s_bird_212,resnet50_tl_20250829,8,4,40,36,44.0,40.0,153.9158935546875,153.6360626220703,0.2798309326171875
s_bird_212,resnet50_tl_20250829,8,4,40,40,44.0,44.0,153.9158935546875,153.7105255126953,0.2053680419921875
s_bird_212,resnet50_tl_20250829,8,4,40,44,44.0,48.0,153.9158935546875,153.56007385253906,0.3558197021484375
s_bird_212,resnet50_tl_20250829,8,4,40,48,44.0,52.0,153.9158935546875,153.56993103027344,0.3459625244140625
s_bird_212,resnet50_tl_20250829,8,4,40,52,44.0,56.0,153.9158935546875,153.6769256591797,0.2389678955078125
s_bird_212,resnet50_tl_20250829,8,4,40,56,44.0,60.0,153.9158935546875,153.73837280273438,0.177520751953125
s_bird_212,resnet50_tl_20250829,8,4,40,60,44.0,64.0,153.9158935546875,153.61080932617188,0.305084228515625
s_bird_212,resnet50_tl_20250829,8,4,40,64,44.0,68.0,153.9158935546875,153.6050567626953,0.3108367919921875
s_bird_212,resnet50_tl_20250829,8,4,40,68,44.0,72.0,153.9158935546875,153.70201110839844,0.2138824462890625
s_bird_212,resnet50_tl_20250829,8,4,40,72,44.0,76.0,153.9158935546875,153.73199462890625,0.18389892578125
s_bird_212,resnet50_tl_20250829,8,4,40,76,44.0,80.0,153.9158935546875,153.63137817382812,0.284515380859375
s_bird_212,resnet50_tl_20250829,8,4,40,80,44.0,84.0,153.9158935546875,153.59027099609375,0.32562255859375
s_bird_212,resnet50_tl_20250829,8,4,40,84,44.0,88.0,153.9158935546875,153.69610595703125,0.21978759765625
s_bird_212,resnet50_tl_20250829,8,4,40,88,44.0,92.0,153.9158935546875,153.7312774658203,0.1846160888671875
s_bird_212,resnet50_tl_20250829,8,4,40,92,44.0,96.0,153.9158935546875,153.62460327148438,0.291290283203125
s_bird_212,resnet50_tl_20250829,8,4,40,96,44.0,100.0,153.9158935546875,153.58322143554688,0.332672119140625
s_bird_212,resnet50_tl_20250829,8,4,40,100,44.0,104.0,153.9158935546875,153.65170288085938,0.264190673828125
s_bird_212,resnet50_tl_20250829,8,4,40,104,44.0,108.0,153.9158935546875,153.67120361328125,0.24468994140625
s_bird_212,resnet50_tl_20250829,8,4,40,108,44.0,112.0,153.9158935546875,153.5575408935547,0.3583526611328125
s_bird_212,resnet50_tl_20250829,8,4,40,112,44.0,116.0,153.9158935546875,153.54393005371094,0.3719635009765625
s_bird_212,resnet50_tl_20250829,8,4,40,116,44.0,120.0,153.9158935546875,153.6132049560547,0.3026885986328125
s_bird_212,resnet50_tl_20250829,8,4,40,120,44.0,124.0,153.9158935546875,153.65789794921875,0.25799560546875
s_bird_212,resnet50_tl_20250829,8,4,40,124,44.0,128.0,153.9158935546875,153.539794921875,0.3760986328125
s_bird_212,resnet50_tl_20250829,8,4,40,128,44.0,132.0,153.9158935546875,153.5535430908203,0.3623504638671875
s_bird_212,resnet50_tl_20250829,8,4,40,132,44.0,136.0,153.9158935546875,153.60337829589844,0.3125152587890625
s_bird_212,resnet50_tl_20250829,8,4,40,136,44.0,140.0,153.9158935546875,153.66705322265625,0.24884033203125
s_bird_212,resnet50_tl_20250829,8,4,40,140,44.0,144.0,153.9158935546875,153.57095336914062,0.344940185546875
s_bird_212,resnet50_tl_20250829,8,4,40,144,44.0,148.0,153.9158935546875,153.6028594970703,0.3130340576171875
s_bird_212,resnet50_tl_20250829,8,4,40,148,44.0,152.0,153.9158935546875,153.65057373046875,0.26531982421875
s_bird_212,resnet50_tl_20250829,8,4,40,152,44.0,156.0,153.9158935546875,153.7218780517578,0.1940155029296875
s_bird_212,resnet50_tl_20250829,8,4,40,156,44.0,160.0,153.9158935546875,153.61756896972656,0.2983245849609375
s_bird_212,resnet50_tl_20250829,8,4,40,160,44.0,164.0,153.9158935546875,153.64804077148438,0.267852783203125
s_bird_212,resnet50_tl_20250829,8,4,40,164,44.0,168.0,153.9158935546875,153.69630432128906,0.2195892333984375
s_bird_212,resnet50_tl_20250829,8,4,40,168,44.0,172.0,153.9158935546875,153.768798828125,0.1470947265625
s_bird_212,resnet50_tl_20250829,8,4,40,172,44.0,176.0,153.9158935546875,153.6703643798828,0.2455291748046875
s_bird_212,resnet50_tl_20250829,8,4,40,176,44.0,180.0,153.9158935546875,153.6939239501953,0.2219696044921875
s_bird_212,resnet50_tl_20250829,8,4,40,180,44.0,184.0,153.9158935546875,153.7193145751953,0.1965789794921875
s_bird_212,resnet50_tl_20250829,8,4,40,184,44.0,188.0,153.9158935546875,153.81072998046875,0.10516357421875
s_bird_212,resnet50_tl_20250829,8,4,40,188,44.0,192.0,153.9158935546875,153.74806213378906,0.1678314208984375
s_bird_212,resnet50_tl_20250829,8,4,40,192,44.0,196.0,153.9158935546875,153.78500366210938,0.130889892578125
s_bird_212,resnet50_tl_20250829,8,4,40,196,44.0,200.0,153.9158935546875,153.77899169921875,0.13690185546875
s_bird_212,resnet50_tl_20250829,8,4,40,200,44.0,204.0,153.9158935546875,153.8341522216797,0.0817413330078125
s_bird_212,resnet50_tl_20250829,8,4,40,204,44.0,208.0,153.9158935546875,153.83453369140625,0.08135986328125
s_bird_212,resnet50_tl_20250829,8,4,40,208,44.0,212.0,153.9158935546875,153.84869384765625,0.06719970703125
s_bird_212,resnet50_tl_20250829,8,4,40,212,44.0,216.0,153.9158935546875,153.79408264160156,0.1218109130859375
s_bird_212,resnet50_tl_20250829,8,4,40,216,44.0,220.0,153.9158935546875,153.81906127929688,0.096832275390625
s_bird_212,resnet50_tl_20250829,8,4,44,0,48.0,4.0,153.9158935546875,153.51519775390625,0.40069580078125
s_bird_212,resnet50_tl_20250829,8,4,44,4,48.0,8.0,153.9158935546875,153.7839813232422,0.1319122314453125
s_bird_212,resnet50_tl_20250829,8,4,44,8,48.0,12.0,153.9158935546875,153.77378845214844,0.1421051025390625
s_bird_212,resnet50_tl_20250829,8,4,44,12,48.0,16.0,153.9158935546875,153.64817810058594,0.2677154541015625
s_bird_212,resnet50_tl_20250829,8,4,44,16,48.0,20.0,153.9158935546875,153.49888610839844,0.4170074462890625
s_bird_212,resnet50_tl_20250829,8,4,44,20,48.0,24.0,153.9158935546875,153.71896362304688,0.196929931640625
s_bird_212,resnet50_tl_20250829,8,4,44,24,48.0,28.0,153.9158935546875,153.72914123535156,0.1867523193359375
s_bird_212,resnet50_tl_20250829,8,4,44,28,48.0,32.0,153.9158935546875,153.3151397705078,0.6007537841796875
s_bird_212,resnet50_tl_20250829,8,4,44,32,48.0,36.0,153.9158935546875,153.26353454589844,0.6523590087890625
s_bird_212,resnet50_tl_20250829,8,4,44,36,48.0,40.0,153.9158935546875,153.66387939453125,0.25201416015625
s_bird_212,resnet50_tl_20250829,8,4,44,40,48.0,44.0,153.9158935546875,153.7195281982422,0.1963653564453125
s_bird_212,resnet50_tl_20250829,8,4,44,44,48.0,48.0,153.9158935546875,153.3803253173828,0.5355682373046875
s_bird_212,resnet50_tl_20250829,8,4,44,48,48.0,52.0,153.9158935546875,153.3247528076172,0.5911407470703125
s_bird_212,resnet50_tl_20250829,8,4,44,52,48.0,56.0,153.9158935546875,153.7245330810547,0.1913604736328125
s_bird_212,resnet50_tl_20250829,8,4,44,56,48.0,60.0,153.9158935546875,153.77577209472656,0.1401214599609375
s_bird_212,resnet50_tl_20250829,8,4,44,60,48.0,64.0,153.9158935546875,153.43731689453125,0.47857666015625
s_bird_212,resnet50_tl_20250829,8,4,44,64,48.0,68.0,153.9158935546875,153.40997314453125,0.50592041015625
s_bird_212,resnet50_tl_20250829,8,4,44,68,48.0,72.0,153.9158935546875,153.7449951171875,0.1708984375
s_bird_212,resnet50_tl_20250829,8,4,44,72,48.0,76.0,153.9158935546875,153.77490234375,0.1409912109375
s_bird_212,resnet50_tl_20250829,8,4,44,76,48.0,80.0,153.9158935546875,153.475341796875,0.4405517578125
s_bird_212,resnet50_tl_20250829,8,4,44,80,48.0,84.0,153.9158935546875,153.39895629882812,0.516937255859375
s_bird_212,resnet50_tl_20250829,8,4,44,84,48.0,88.0,153.9158935546875,153.76779174804688,0.148101806640625
s_bird_212,resnet50_tl_20250829,8,4,44,88,48.0,92.0,153.9158935546875,153.79063415527344,0.1252593994140625
s_bird_212,resnet50_tl_20250829,8,4,44,92,48.0,96.0,153.9158935546875,153.4547119140625,0.461181640625
s_bird_212,resnet50_tl_20250829,8,4,44,96,48.0,100.0,153.9158935546875,153.39755249023438,0.518341064453125
s_bird_212,resnet50_tl_20250829,8,4,44,100,48.0,104.0,153.9158935546875,153.72821044921875,0.18768310546875
s_bird_212,resnet50_tl_20250829,8,4,44,104,48.0,108.0,153.9158935546875,153.73373413085938,0.182159423828125
s_bird_212,resnet50_tl_20250829,8,4,44,108,48.0,112.0,153.9158935546875,153.44956970214844,0.4663238525390625
s_bird_212,resnet50_tl_20250829,8,4,44,112,48.0,116.0,153.9158935546875,153.39280700683594,0.5230865478515625
s_bird_212,resnet50_tl_20250829,8,4,44,116,48.0,120.0,153.9158935546875,153.71517944335938,0.200714111328125
s_bird_212,resnet50_tl_20250829,8,4,44,120,48.0,124.0,153.9158935546875,153.7488555908203,0.1670379638671875
s_bird_212,resnet50_tl_20250829,8,4,44,124,48.0,128.0,153.9158935546875,153.41343688964844,0.5024566650390625
s_bird_212,resnet50_tl_20250829,8,4,44,128,48.0,132.0,153.9158935546875,153.3897247314453,0.5261688232421875
s_bird_212,resnet50_tl_20250829,8,4,44,132,48.0,136.0,153.9158935546875,153.6806640625,0.2352294921875
s_bird_212,resnet50_tl_20250829,8,4,44,136,48.0,140.0,153.9158935546875,153.72735595703125,0.18853759765625
s_bird_212,resnet50_tl_20250829,8,4,44,140,48.0,144.0,153.9158935546875,153.4915313720703,0.4243621826171875
s_bird_212,resnet50_tl_20250829,8,4,44,144,48.0,148.0,153.9158935546875,153.47584533691406,0.4400482177734375
s_bird_212,resnet50_tl_20250829,8,4,44,148,48.0,152.0,153.9158935546875,153.73095703125,0.1849365234375
s_bird_212,resnet50_tl_20250829,8,4,44,152,48.0,156.0,153.9158935546875,153.787109375,0.1287841796875
s_bird_212,resnet50_tl_20250829,8,4,44,156,48.0,160.0,153.9158935546875,153.47579956054688,0.440093994140625
s_bird_212,resnet50_tl_20250829,8,4,44,160,48.0,164.0,153.9158935546875,153.4834747314453,0.4324188232421875
s_bird_212,resnet50_tl_20250829,8,4,44,164,48.0,168.0,153.9158935546875,153.73992919921875,0.17596435546875
s_bird_212,resnet50_tl_20250829,8,4,44,168,48.0,172.0,153.9158935546875,153.81617736816406,0.0997161865234375
s_bird_212,resnet50_tl_20250829,8,4,44,172,48.0,176.0,153.9158935546875,153.55592346191406,0.3599700927734375
s_bird_212,resnet50_tl_20250829,8,4,44,176,48.0,180.0,153.9158935546875,153.54339599609375,0.37249755859375
s_bird_212,resnet50_tl_20250829,8,4,44,180,48.0,184.0,153.9158935546875,153.76953125,0.1463623046875
s_bird_212,resnet50_tl_20250829,8,4,44,184,48.0,188.0,153.9158935546875,153.86390686035156,0.0519866943359375
s_bird_212,resnet50_tl_20250829,8,4,44,188,48.0,192.0,153.9158935546875,153.6016845703125,0.314208984375
s_bird_212,resnet50_tl_20250829,8,4,44,192,48.0,196.0,153.9158935546875,153.65342712402344,0.2624664306640625
s_bird_212,resnet50_tl_20250829,8,4,44,196,48.0,200.0,153.9158935546875,153.72222900390625,0.19366455078125
s_bird_212,resnet50_tl_20250829,8,4,44,200,48.0,204.0,153.9158935546875,153.8600311279297,0.0558624267578125
s_bird_212,resnet50_tl_20250829,8,4,44,204,48.0,208.0,153.9158935546875,153.72137451171875,0.19451904296875
s_bird_212,resnet50_tl_20250829,8,4,44,208,48.0,212.0,153.9158935546875,153.71754455566406,0.1983489990234375
s_bird_212,resnet50_tl_20250829,8,4,44,212,48.0,216.0,153.9158935546875,153.7543487548828,0.1615447998046875
s_bird_212,resnet50_tl_20250829,8,4,44,216,48.0,220.0,153.9158935546875,153.8074188232422,0.1084747314453125
s_bird_212,resnet50_tl_20250829,8,4,48,0,52.0,4.0,153.9158935546875,153.56198120117188,0.353912353515625
s_bird_212,resnet50_tl_20250829,8,4,48,4,52.0,8.0,153.9158935546875,153.72506713867188,0.190826416015625
s_bird_212,resnet50_tl_20250829,8,4,48,8,52.0,12.0,153.9158935546875,153.79644775390625,0.11944580078125
s_bird_212,resnet50_tl_20250829,8,4,48,12,52.0,16.0,153.9158935546875,153.5499725341797,0.3659210205078125
s_bird_212,resnet50_tl_20250829,8,4,48,16,52.0,20.0,153.9158935546875,153.52163696289062,0.394256591796875
s_bird_212,resnet50_tl_20250829,8,4,48,20,52.0,24.0,153.9158935546875,153.58990478515625,0.32598876953125
s_bird_212,resnet50_tl_20250829,8,4,48,24,52.0,28.0,153.9158935546875,153.689697265625,0.2261962890625
s_bird_212,resnet50_tl_20250829,8,4,48,28,52.0,32.0,153.9158935546875,153.28440856933594,0.6314849853515625
s_bird_212,resnet50_tl_20250829,8,4,48,32,52.0,36.0,153.9158935546875,153.31187438964844,0.6040191650390625
s_bird_212,resnet50_tl_20250829,8,4,48,36,52.0,40.0,153.9158935546875,153.548828125,0.3670654296875
s_bird_212,resnet50_tl_20250829,8,4,48,40,52.0,44.0,153.9158935546875,153.6851806640625,0.230712890625
s_bird_212,resnet50_tl_20250829,8,4,48,44,52.0,48.0,153.9158935546875,153.35292053222656,0.5629730224609375
s_bird_212,resnet50_tl_20250829,8,4,48,48,52.0,52.0,153.9158935546875,153.36477661132812,0.551116943359375
s_bird_212,resnet50_tl_20250829,8,4,48,52,52.0,56.0,153.9158935546875,153.5972137451172,0.3186798095703125
s_bird_212,resnet50_tl_20250829,8,4,48,56,52.0,60.0,153.9158935546875,153.71763610839844,0.1982574462890625
s_bird_212,resnet50_tl_20250829,8,4,48,60,52.0,64.0,153.9158935546875,153.41636657714844,0.4995269775390625
s_bird_212,resnet50_tl_20250829,8,4,48,64,52.0,68.0,153.9158935546875,153.4254913330078,0.4904022216796875
s_bird_212,resnet50_tl_20250829,8,4,48,68,52.0,72.0,153.9158935546875,153.62588500976562,0.290008544921875
s_bird_212,resnet50_tl_20250829,8,4,48,72,52.0,76.0,153.9158935546875,153.725341796875,0.1905517578125
s_bird_212,resnet50_tl_20250829,8,4,48,76,52.0,80.0,153.9158935546875,153.4549102783203,0.4609832763671875
s_bird_212,resnet50_tl_20250829,8,4,48,80,52.0,84.0,153.9158935546875,153.4363555908203,0.4795379638671875
s_bird_212,resnet50_tl_20250829,8,4,48,84,52.0,88.0,153.9158935546875,153.638916015625,0.2769775390625
s_bird_212,resnet50_tl_20250829,8,4,48,88,52.0,92.0,153.9158935546875,153.72288513183594,0.1930084228515625
s_bird_212,resnet50_tl_20250829,8,4,48,92,52.0,96.0,153.9158935546875,153.42633056640625,0.48956298828125
s_bird_212,resnet50_tl_20250829,8,4,48,96,52.0,100.0,153.9158935546875,153.42697143554688,0.488922119140625
s_bird_212,resnet50_tl_20250829,8,4,48,100,52.0,104.0,153.9158935546875,153.62525939941406,0.2906341552734375
s_bird_212,resnet50_tl_20250829,8,4,48,104,52.0,108.0,153.9158935546875,153.7001953125,0.2156982421875
s_bird_212,resnet50_tl_20250829,8,4,48,108,52.0,112.0,153.9158935546875,153.4208221435547,0.4950714111328125
s_bird_212,resnet50_tl_20250829,8,4,48,112,52.0,116.0,153.9158935546875,153.4454803466797,0.4704132080078125
s_bird_212,resnet50_tl_20250829,8,4,48,116,52.0,120.0,153.9158935546875,153.6221923828125,0.293701171875
s_bird_212,resnet50_tl_20250829,8,4,48,120,52.0,124.0,153.9158935546875,153.6957550048828,0.2201385498046875
s_bird_212,resnet50_tl_20250829,8,4,48,124,52.0,128.0,153.9158935546875,153.38369750976562,0.532196044921875
s_bird_212,resnet50_tl_20250829,8,4,48,128,52.0,132.0,153.9158935546875,153.4201202392578,0.4957733154296875
s_bird_212,resnet50_tl_20250829,8,4,48,132,52.0,136.0,153.9158935546875,153.5974578857422,0.3184356689453125
s_bird_212,resnet50_tl_20250829,8,4,48,136,52.0,140.0,153.9158935546875,153.69261169433594,0.2232818603515625
s_bird_212,resnet50_tl_20250829,8,4,48,140,52.0,144.0,153.9158935546875,153.43624877929688,0.479644775390625
s_bird_212,resnet50_tl_20250829,8,4,48,144,52.0,148.0,153.9158935546875,153.50582885742188,0.410064697265625
s_bird_212,resnet50_tl_20250829,8,4,48,148,52.0,152.0,153.9158935546875,153.645263671875,0.2706298828125
s_bird_212,resnet50_tl_20250829,8,4,48,152,52.0,156.0,153.9158935546875,153.73667907714844,0.1792144775390625
s_bird_212,resnet50_tl_20250829,8,4,48,156,52.0,160.0,153.9158935546875,153.45440673828125,0.46148681640625
s_bird_212,resnet50_tl_20250829,8,4,48,160,52.0,164.0,153.9158935546875,153.50738525390625,0.40850830078125
s_bird_212,resnet50_tl_20250829,8,4,48,164,52.0,168.0,153.9158935546875,153.66653442382812,0.249359130859375
s_bird_212,resnet50_tl_20250829,8,4,48,168,52.0,172.0,153.9158935546875,153.77972412109375,0.13616943359375
s_bird_212,resnet50_tl_20250829,8,4,48,172,52.0,176.0,153.9158935546875,153.52857971191406,0.3873138427734375
s_bird_212,resnet50_tl_20250829,8,4,48,176,52.0,180.0,153.9158935546875,153.5723876953125,0.343505859375
s_bird_212,resnet50_tl_20250829,8,4,48,180,52.0,184.0,153.9158935546875,153.7097625732422,0.2061309814453125
s_bird_212,resnet50_tl_20250829,8,4,48,184,52.0,188.0,153.9158935546875,153.83204650878906,0.0838470458984375
s_bird_212,resnet50_tl_20250829,8,4,48,188,52.0,192.0,153.9158935546875,153.61618041992188,0.299713134765625
s_bird_212,resnet50_tl_20250829,8,4,48,192,52.0,196.0,153.9158935546875,153.68006896972656,0.2358245849609375
s_bird_212,resnet50_tl_20250829,8,4,48,196,52.0,200.0,153.9158935546875,153.74375915527344,0.1721343994140625
s_bird_212,resnet50_tl_20250829,8,4,48,200,52.0,204.0,153.9158935546875,153.84730529785156,0.0685882568359375
s_bird_212,resnet50_tl_20250829,8,4,48,204,52.0,208.0,153.9158935546875,153.73936462402344,0.1765289306640625
s_bird_212,resnet50_tl_20250829,8,4,48,208,52.0,212.0,153.9158935546875,153.74481201171875,0.17108154296875
s_bird_212,resnet50_tl_20250829,8,4,48,212,52.0,216.0,153.9158935546875,153.74774169921875,0.16815185546875
s_bird_212,resnet50_tl_20250829,8,4,48,216,52.0,220.0,153.9158935546875,153.81906127929688,0.096832275390625
s_bird_212,resnet50_tl_20250829,8,4,52,0,56.0,4.0,153.9158935546875,153.85292053222656,0.0629730224609375
s_bird_212,resnet50_tl_20250829,8,4,52,4,56.0,8.0,153.9158935546875,153.86016845703125,0.05572509765625
s_bird_212,resnet50_tl_20250829,8,4,52,8,56.0,12.0,153.9158935546875,153.85000610351562,0.065887451171875
s_bird_212,resnet50_tl_20250829,8,4,52,12,56.0,16.0,153.9158935546875,153.85340881347656,0.0624847412109375
s_bird_212,resnet50_tl_20250829,8,4,52,16,56.0,20.0,153.9158935546875,153.7489013671875,0.1669921875
s_bird_212,resnet50_tl_20250829,8,4,52,20,56.0,24.0,153.9158935546875,153.7471923828125,0.168701171875
s_bird_212,resnet50_tl_20250829,8,4,52,24,56.0,28.0,153.9158935546875,153.70623779296875,0.20965576171875
s_bird_212,resnet50_tl_20250829,8,4,52,28,56.0,32.0,153.9158935546875,153.72317504882812,0.192718505859375
s_bird_212,resnet50_tl_20250829,8,4,52,32,56.0,36.0,153.9158935546875,153.69969177246094,0.2162017822265625
s_bird_212,resnet50_tl_20250829,8,4,52,36,56.0,40.0,153.9158935546875,153.76974487304688,0.146148681640625
s_bird_212,resnet50_tl_20250829,8,4,52,40,56.0,44.0,153.9158935546875,153.69725036621094,0.2186431884765625
s_bird_212,resnet50_tl_20250829,8,4,52,44,56.0,48.0,153.9158935546875,153.7649383544922,0.1509552001953125
s_bird_212,resnet50_tl_20250829,8,4,52,48,56.0,52.0,153.9158935546875,153.75537109375,0.1605224609375
s_bird_212,resnet50_tl_20250829,8,4,52,52,56.0,56.0,153.9158935546875,153.79981994628906,0.1160736083984375
s_bird_212,resnet50_tl_20250829,8,4,52,56,56.0,60.0,153.9158935546875,153.74607849121094,0.1698150634765625
s_bird_212,resnet50_tl_20250829,8,4,52,60,56.0,64.0,153.9158935546875,153.79449462890625,0.12139892578125
s_bird_212,resnet50_tl_20250829,8,4,52,64,56.0,68.0,153.9158935546875,153.78347778320312,0.132415771484375
s_bird_212,resnet50_tl_20250829,8,4,52,68,56.0,72.0,153.9158935546875,153.82322692871094,0.0926666259765625
s_bird_212,resnet50_tl_20250829,8,4,52,72,56.0,76.0,153.9158935546875,153.7427978515625,0.173095703125
s_bird_212,resnet50_tl_20250829,8,4,52,76,56.0,80.0,153.9158935546875,153.82394409179688,0.091949462890625
s_bird_212,resnet50_tl_20250829,8,4,52,80,56.0,84.0,153.9158935546875,153.7858428955078,0.1300506591796875
s_bird_212,resnet50_tl_20250829,8,4,52,84,56.0,88.0,153.9158935546875,153.82066345214844,0.0952301025390625
s_bird_212,resnet50_tl_20250829,8,4,52,88,56.0,92.0,153.9158935546875,153.75784301757812,0.158050537109375
s_bird_212,resnet50_tl_20250829,8,4,52,92,56.0,96.0,153.9158935546875,153.7991485595703,0.1167449951171875
s_bird_212,resnet50_tl_20250829,8,4,52,96,56.0,100.0,153.9158935546875,153.7820587158203,0.1338348388671875
s_bird_212,resnet50_tl_20250829,8,4,52,100,56.0,104.0,153.9158935546875,153.81005859375,0.1058349609375
s_bird_212,resnet50_tl_20250829,8,4,52,104,56.0,108.0,153.9158935546875,153.72732543945312,0.188568115234375
s_bird_212,resnet50_tl_20250829,8,4,52,108,56.0,112.0,153.9158935546875,153.79660034179688,0.119293212890625
s_bird_212,resnet50_tl_20250829,8,4,52,112,56.0,116.0,153.9158935546875,153.83966064453125,0.07623291015625
s_bird_212,resnet50_tl_20250829,8,4,52,116,56.0,120.0,153.9158935546875,153.84762573242188,0.068267822265625
s_bird_212,resnet50_tl_20250829,8,4,52,120,56.0,124.0,153.9158935546875,153.7762908935547,0.1396026611328125
s_bird_212,resnet50_tl_20250829,8,4,52,124,56.0,128.0,153.9158935546875,153.79176330566406,0.1241302490234375
s_bird_212,resnet50_tl_20250829,8,4,52,128,56.0,132.0,153.9158935546875,153.8152618408203,0.1006317138671875
s_bird_212,resnet50_tl_20250829,8,4,52,132,56.0,136.0,153.9158935546875,153.80780029296875,0.10809326171875
s_bird_212,resnet50_tl_20250829,8,4,52,136,56.0,140.0,153.9158935546875,153.73013305664062,0.185760498046875
s_bird_212,resnet50_tl_20250829,8,4,52,140,56.0,144.0,153.9158935546875,153.780517578125,0.1353759765625
s_bird_212,resnet50_tl_20250829,8,4,52,144,56.0,148.0,153.9158935546875,153.82870483398438,0.087188720703125
s_bird_212,resnet50_tl_20250829,8,4,52,148,56.0,152.0,153.9158935546875,153.80709838867188,0.108795166015625
s_bird_212,resnet50_tl_20250829,8,4,52,152,56.0,156.0,153.9158935546875,153.76817321777344,0.1477203369140625
s_bird_212,resnet50_tl_20250829,8,4,52,156,56.0,160.0,153.9158935546875,153.77059936523438,0.145294189453125
s_bird_212,resnet50_tl_20250829,8,4,52,160,56.0,164.0,153.9158935546875,153.8198699951172,0.0960235595703125
s_bird_212,resnet50_tl_20250829,8,4,52,164,56.0,168.0,153.9158935546875,153.80641174316406,0.1094818115234375
s_bird_212,resnet50_tl_20250829,8,4,52,168,56.0,172.0,153.9158935546875,153.79685974121094,0.1190338134765625
s_bird_212,resnet50_tl_20250829,8,4,52,172,56.0,176.0,153.9158935546875,153.82618713378906,0.0897064208984375
s_bird_212,resnet50_tl_20250829,8,4,52,176,56.0,180.0,153.9158935546875,153.88600158691406,0.0298919677734375
s_bird_212,resnet50_tl_20250829,8,4,52,180,56.0,184.0,153.9158935546875,153.86279296875,0.0531005859375
s_bird_212,resnet50_tl_20250829,8,4,52,184,56.0,188.0,153.9158935546875,153.87033081054688,0.045562744140625
s_bird_212,resnet50_tl_20250829,8,4,52,188,56.0,192.0,153.9158935546875,153.8403778076172,0.0755157470703125
s_bird_212,resnet50_tl_20250829,8,4,52,192,56.0,196.0,153.9158935546875,153.92958068847656,-0.0136871337890625
s_bird_212,resnet50_tl_20250829,8,4,52,196,56.0,200.0,153.9158935546875,153.85934448242188,0.056549072265625
s_bird_212,resnet50_tl_20250829,8,4,52,200,56.0,204.0,153.9158935546875,153.8545379638672,0.0613555908203125
s_bird_212,resnet50_tl_20250829,8,4,52,204,56.0,208.0,153.9158935546875,153.88510131835938,0.030792236328125
s_bird_212,resnet50_tl_20250829,8,4,52,208,56.0,212.0,153.9158935546875,153.93997192382812,-0.024078369140625
s_bird_212,resnet50_tl_20250829,8,4,52,212,56.0,216.0,153.9158935546875,153.85678100585938,0.059112548828125
s_bird_212,resnet50_tl_20250829,8,4,52,216,56.0,220.0,153.9158935546875,153.82362365722656,0.0922698974609375
s_bird_212,resnet50_tl_20250829,8,4,56,0,60.0,4.0,153.9158935546875,153.77088928222656,0.1450042724609375
s_bird_212,resnet50_tl_20250829,8,4,56,4,60.0,8.0,153.9158935546875,153.76206970214844,0.1538238525390625
s_bird_212,resnet50_tl_20250829,8,4,56,8,60.0,12.0,153.9158935546875,153.73460388183594,0.1812896728515625
s_bird_212,resnet50_tl_20250829,8,4,56,12,60.0,16.0,153.9158935546875,153.62078857421875,0.29510498046875
s_bird_212,resnet50_tl_20250829,8,4,56,16,60.0,20.0,153.9158935546875,153.56973266601562,0.346160888671875
s_bird_212,resnet50_tl_20250829,8,4,56,20,60.0,24.0,153.9158935546875,153.54013061523438,0.375762939453125
s_bird_212,resnet50_tl_20250829,8,4,56,24,60.0,28.0,153.9158935546875,153.55740356445312,0.358489990234375
s_bird_212,resnet50_tl_20250829,8,4,56,28,60.0,32.0,153.9158935546875,153.42337036132812,0.492523193359375
s_bird_212,resnet50_tl_20250829,8,4,56,32,60.0,36.0,153.9158935546875,153.4668426513672,0.4490509033203125
s_bird_212,resnet50_tl_20250829,8,4,56,36,60.0,40.0,153.9158935546875,153.49630737304688,0.419586181640625
s_bird_212,resnet50_tl_20250829,8,4,56,40,60.0,44.0,153.9158935546875,153.5740203857422,0.3418731689453125
s_bird_212,resnet50_tl_20250829,8,4,56,44,60.0,48.0,153.9158935546875,153.48329162597656,0.4326019287109375
s_bird_212,resnet50_tl_20250829,8,4,56,48,60.0,52.0,153.9158935546875,153.5323944091797,0.3834991455078125
s_bird_212,resnet50_tl_20250829,8,4,56,52,60.0,56.0,153.9158935546875,153.5848388671875,0.3310546875
s_bird_212,resnet50_tl_20250829,8,4,56,56,60.0,60.0,153.9158935546875,153.6359100341797,0.2799835205078125
s_bird_212,resnet50_tl_20250829,8,4,56,60,60.0,64.0,153.9158935546875,153.5181121826172,0.3977813720703125
s_bird_212,resnet50_tl_20250829,8,4,56,64,60.0,68.0,153.9158935546875,153.53053283691406,0.3853607177734375
s_bird_212,resnet50_tl_20250829,8,4,56,68,60.0,72.0,153.9158935546875,153.56141662597656,0.3544769287109375
s_bird_212,resnet50_tl_20250829,8,4,56,72,60.0,76.0,153.9158935546875,153.6046142578125,0.311279296875
s_bird_212,resnet50_tl_20250829,8,4,56,76,60.0,80.0,153.9158935546875,153.54554748535156,0.3703460693359375
s_bird_212,resnet50_tl_20250829,8,4,56,80,60.0,84.0,153.9158935546875,153.53440856933594,0.3814849853515625
s_bird_212,resnet50_tl_20250829,8,4,56,84,60.0,88.0,153.9158935546875,153.5750732421875,0.3408203125
s_bird_212,resnet50_tl_20250829,8,4,56,88,60.0,92.0,153.9158935546875,153.63262939453125,0.28326416015625
s_bird_212,resnet50_tl_20250829,8,4,56,92,60.0,96.0,153.9158935546875,153.57708740234375,0.33880615234375
s_bird_212,resnet50_tl_20250829,8,4,56,96,60.0,100.0,153.9158935546875,153.5738983154297,0.3419952392578125
s_bird_212,resnet50_tl_20250829,8,4,56,100,60.0,104.0,153.9158935546875,153.58480834960938,0.331085205078125
s_bird_212,resnet50_tl_20250829,8,4,56,104,60.0,108.0,153.9158935546875,153.62896728515625,0.28692626953125
s_bird_212,resnet50_tl_20250829,8,4,56,108,60.0,112.0,153.9158935546875,153.60069274902344,0.3152008056640625
s_bird_212,resnet50_tl_20250829,8,4,56,112,60.0,116.0,153.9158935546875,153.6194610595703,0.2964324951171875
s_bird_212,resnet50_tl_20250829,8,4,56,116,60.0,120.0,153.9158935546875,153.63829040527344,0.2776031494140625
s_bird_212,resnet50_tl_20250829,8,4,56,120,60.0,124.0,153.9158935546875,153.7003173828125,0.215576171875
s_bird_212,resnet50_tl_20250829,8,4,56,124,60.0,128.0,153.9158935546875,153.64871215820312,0.267181396484375
s_bird_212,resnet50_tl_20250829,8,4,56,128,60.0,132.0,153.9158935546875,153.6678466796875,0.248046875
s_bird_212,resnet50_tl_20250829,8,4,56,132,60.0,136.0,153.9158935546875,153.6103057861328,0.3055877685546875
s_bird_212,resnet50_tl_20250829,8,4,56,136,60.0,140.0,153.9158935546875,153.6334991455078,0.2823944091796875
s_bird_212,resnet50_tl_20250829,8,4,56,140,60.0,144.0,153.9158935546875,153.59915161132812,0.316741943359375
s_bird_212,resnet50_tl_20250829,8,4,56,144,60.0,148.0,153.9158935546875,153.64491271972656,0.2709808349609375
s_bird_212,resnet50_tl_20250829,8,4,56,148,60.0,152.0,153.9158935546875,153.61277770996094,0.3031158447265625
s_bird_212,resnet50_tl_20250829,8,4,56,152,60.0,156.0,153.9158935546875,153.6699676513672,0.2459259033203125
s_bird_212,resnet50_tl_20250829,8,4,56,156,60.0,160.0,153.9158935546875,153.57469177246094,0.3412017822265625
s_bird_212,resnet50_tl_20250829,8,4,56,160,60.0,164.0,153.9158935546875,153.6508026123047,0.2650909423828125
s_bird_212,resnet50_tl_20250829,8,4,56,164,60.0,168.0,153.9158935546875,153.63742065429688,0.278472900390625
s_bird_212,resnet50_tl_20250829,8,4,56,168,60.0,172.0,153.9158935546875,153.7152557373047,0.2006378173828125
s_bird_212,resnet50_tl_20250829,8,4,56,172,60.0,176.0,153.9158935546875,153.68463134765625,0.23126220703125
s_bird_212,resnet50_tl_20250829,8,4,56,176,60.0,180.0,153.9158935546875,153.7637481689453,0.1521453857421875
s_bird_212,resnet50_tl_20250829,8,4,56,180,60.0,184.0,153.9158935546875,153.7311248779297,0.1847686767578125
s_bird_212,resnet50_tl_20250829,8,4,56,184,60.0,188.0,153.9158935546875,153.82814025878906,0.0877532958984375
s_bird_212,resnet50_tl_20250829,8,4,56,188,60.0,192.0,153.9158935546875,153.74349975585938,0.172393798828125
s_bird_212,resnet50_tl_20250829,8,4,56,192,60.0,196.0,153.9158935546875,153.8275604248047,0.0883331298828125
s_bird_212,resnet50_tl_20250829,8,4,56,196,60.0,200.0,153.9158935546875,153.79739379882812,0.118499755859375
s_bird_212,resnet50_tl_20250829,8,4,56,200,60.0,204.0,153.9158935546875,153.8573760986328,0.0585174560546875
s_bird_212,resnet50_tl_20250829,8,4,56,204,60.0,208.0,153.9158935546875,153.88531494140625,0.03057861328125
s_bird_212,resnet50_tl_20250829,8,4,56,208,60.0,212.0,153.9158935546875,153.92068481445312,-0.004791259765625
s_bird_212,resnet50_tl_20250829,8,4,56,212,60.0,216.0,153.9158935546875,153.83560180664062,0.080291748046875
s_bird_212,resnet50_tl_20250829,8,4,56,216,60.0,220.0,153.9158935546875,153.83938598632812,0.076507568359375
s_bird_212,resnet50_tl_20250829,8,4,60,0,64.0,4.0,153.9158935546875,153.5454864501953,0.3704071044921875
s_bird_212,resnet50_tl_20250829,8,4,60,4,64.0,8.0,153.9158935546875,153.7786407470703,0.1372528076171875
s_bird_212,resnet50_tl_20250829,8,4,60,8,64.0,12.0,153.9158935546875,153.7552032470703,0.1606903076171875
s_bird_212,resnet50_tl_20250829,8,4,60,12,64.0,16.0,153.9158935546875,153.70135498046875,0.21453857421875
s_bird_212,resnet50_tl_20250829,8,4,60,16,64.0,20.0,153.9158935546875,153.55374145507812,0.362152099609375
s_bird_212,resnet50_tl_20250829,8,4,60,20,64.0,24.0,153.9158935546875,153.6598358154297,0.2560577392578125
s_bird_212,resnet50_tl_20250829,8,4,60,24,64.0,28.0,153.9158935546875,153.6750946044922,0.2407989501953125
s_bird_212,resnet50_tl_20250829,8,4,60,28,64.0,32.0,153.9158935546875,153.32305908203125,0.59283447265625
s_bird_212,resnet50_tl_20250829,8,4,60,32,64.0,36.0,153.9158935546875,153.29840087890625,0.61749267578125
s_bird_212,resnet50_tl_20250829,8,4,60,36,64.0,40.0,153.9158935546875,153.61383056640625,0.30206298828125
s_bird_212,resnet50_tl_20250829,8,4,60,40,64.0,44.0,153.9158935546875,153.6500244140625,0.265869140625
s_bird_212,resnet50_tl_20250829,8,4,60,44,64.0,48.0,153.9158935546875,153.43125915527344,0.4846343994140625
s_bird_212,resnet50_tl_20250829,8,4,60,48,64.0,52.0,153.9158935546875,153.420654296875,0.4952392578125
s_bird_212,resnet50_tl_20250829,8,4,60,52,64.0,56.0,153.9158935546875,153.70689392089844,0.2089996337890625
s_bird_212,resnet50_tl_20250829,8,4,60,56,64.0,60.0,153.9158935546875,153.73507690429688,0.180816650390625
s_bird_212,resnet50_tl_20250829,8,4,60,60,64.0,64.0,153.9158935546875,153.41676330566406,0.4991302490234375
s_bird_212,resnet50_tl_20250829,8,4,60,64,64.0,68.0,153.9158935546875,153.3858642578125,0.530029296875
s_bird_212,resnet50_tl_20250829,8,4,60,68,64.0,72.0,153.9158935546875,153.655517578125,0.2603759765625
s_bird_212,resnet50_tl_20250829,8,4,60,72,64.0,76.0,153.9158935546875,153.69053649902344,0.2253570556640625
s_bird_212,resnet50_tl_20250829,8,4,60,76,64.0,80.0,153.9158935546875,153.4626007080078,0.4532928466796875
s_bird_212,resnet50_tl_20250829,8,4,60,80,64.0,84.0,153.9158935546875,153.3995819091797,0.5163116455078125
s_bird_212,resnet50_tl_20250829,8,4,60,84,64.0,88.0,153.9158935546875,153.64743041992188,0.268463134765625
s_bird_212,resnet50_tl_20250829,8,4,60,88,64.0,92.0,153.9158935546875,153.70358276367188,0.212310791015625
s_bird_212,resnet50_tl_20250829,8,4,60,92,64.0,96.0,153.9158935546875,153.4268798828125,0.489013671875
s_bird_212,resnet50_tl_20250829,8,4,60,96,64.0,100.0,153.9158935546875,153.38197326660156,0.5339202880859375
s_bird_212,resnet50_tl_20250829,8,4,60,100,64.0,104.0,153.9158935546875,153.61471557617188,0.301177978515625
s_bird_212,resnet50_tl_20250829,8,4,60,104,64.0,108.0,153.9158935546875,153.64505004882812,0.270843505859375
s_bird_212,resnet50_tl_20250829,8,4,60,108,64.0,112.0,153.9158935546875,153.41477966308594,0.5011138916015625
s_bird_212,resnet50_tl_20250829,8,4,60,112,64.0,116.0,153.9158935546875,153.4549560546875,0.4609375
s_bird_212,resnet50_tl_20250829,8,4,60,116,64.0,120.0,153.9158935546875,153.73146057128906,0.1844329833984375
s_bird_212,resnet50_tl_20250829,8,4,60,120,64.0,124.0,153.9158935546875,153.79322814941406,0.1226654052734375
s_bird_212,resnet50_tl_20250829,8,4,60,124,64.0,128.0,153.9158935546875,153.5761260986328,0.3397674560546875
s_bird_212,resnet50_tl_20250829,8,4,60,128,64.0,132.0,153.9158935546875,153.54779052734375,0.36810302734375
s_bird_212,resnet50_tl_20250829,8,4,60,132,64.0,136.0,153.9158935546875,153.68650817871094,0.2293853759765625
s_bird_212,resnet50_tl_20250829,8,4,60,136,64.0,140.0,153.9158935546875,153.638916015625,0.2769775390625
s_bird_212,resnet50_tl_20250829,8,4,60,140,64.0,144.0,153.9158935546875,153.55592346191406,0.3599700927734375
s_bird_212,resnet50_tl_20250829,8,4,60,144,64.0,148.0,153.9158935546875,153.56613159179688,0.349761962890625
s_bird_212,resnet50_tl_20250829,8,4,60,148,64.0,152.0,153.9158935546875,153.66419982910156,0.2516937255859375
s_bird_212,resnet50_tl_20250829,8,4,60,152,64.0,156.0,153.9158935546875,153.71697998046875,0.19891357421875
s_bird_212,resnet50_tl_20250829,8,4,60,156,64.0,160.0,153.9158935546875,153.51881408691406,0.3970794677734375
s_bird_212,resnet50_tl_20250829,8,4,60,160,64.0,164.0,153.9158935546875,153.55372619628906,0.3621673583984375
s_bird_212,resnet50_tl_20250829,8,4,60,164,64.0,168.0,153.9158935546875,153.71435546875,0.2015380859375
s_bird_212,resnet50_tl_20250829,8,4,60,168,64.0,172.0,153.9158935546875,153.77340698242188,0.142486572265625
s_bird_212,resnet50_tl_20250829,8,4,60,172,64.0,176.0,153.9158935546875,153.69091796875,0.2249755859375
s_bird_212,resnet50_tl_20250829,8,4,60,176,64.0,180.0,153.9158935546875,153.73373413085938,0.182159423828125
s_bird_212,resnet50_tl_20250829,8,4,60,180,64.0,184.0,153.9158935546875,153.79978942871094,0.1161041259765625
s_bird_212,resnet50_tl_20250829,8,4,60,184,64.0,188.0,153.9158935546875,153.8763427734375,0.03955078125
s_bird_212,resnet50_tl_20250829,8,4,60,188,64.0,192.0,153.9158935546875,153.68057250976562,0.235321044921875
s_bird_212,resnet50_tl_20250829,8,4,60,192,64.0,196.0,153.9158935546875,153.7517852783203,0.1641082763671875
s_bird_212,resnet50_tl_20250829,8,4,60,196,64.0,200.0,153.9158935546875,153.77215576171875,0.14373779296875
s_bird_212,resnet50_tl_20250829,8,4,60,200,64.0,204.0,153.9158935546875,153.8953857421875,0.0205078125
s_bird_212,resnet50_tl_20250829,8,4,60,204,64.0,208.0,153.9158935546875,153.8758087158203,0.0400848388671875
s_bird_212,resnet50_tl_20250829,8,4,60,208,64.0,212.0,153.9158935546875,153.887939453125,0.0279541015625
s_bird_212,resnet50_tl_20250829,8,4,60,212,64.0,216.0,153.9158935546875,153.84140014648438,0.074493408203125
s_bird_212,resnet50_tl_20250829,8,4,60,216,64.0,220.0,153.9158935546875,153.8495635986328,0.0663299560546875
s_bird_212,resnet50_tl_20250829,8,4,64,0,68.0,4.0,153.9158935546875,153.56961059570312,0.346282958984375
s_bird_212,resnet50_tl_20250829,8,4,64,4,68.0,8.0,153.9158935546875,153.72512817382812,0.190765380859375
s_bird_212,resnet50_tl_20250829,8,4,64,8,68.0,12.0,153.9158935546875,153.77125549316406,0.1446380615234375
s_bird_212,resnet50_tl_20250829,8,4,64,12,68.0,16.0,153.9158935546875,153.5430145263672,0.3728790283203125
s_bird_212,resnet50_tl_20250829,8,4,64,16,68.0,20.0,153.9158935546875,153.5270233154297,0.3888702392578125
s_bird_212,resnet50_tl_20250829,8,4,64,20,68.0,24.0,153.9158935546875,153.5093231201172,0.4065704345703125
s_bird_212,resnet50_tl_20250829,8,4,64,24,68.0,28.0,153.9158935546875,153.65194702148438,0.263946533203125
s_bird_212,resnet50_tl_20250829,8,4,64,28,68.0,32.0,153.9158935546875,153.2598876953125,0.656005859375
s_bird_212,resnet50_tl_20250829,8,4,64,32,68.0,36.0,153.9158935546875,153.35980224609375,0.55609130859375
s_bird_212,resnet50_tl_20250829,8,4,64,36,68.0,40.0,153.9158935546875,153.52029418945312,0.395599365234375
s_bird_212,resnet50_tl_20250829,8,4,64,40,68.0,44.0,153.9158935546875,153.63912963867188,0.276763916015625
s_bird_212,resnet50_tl_20250829,8,4,64,44,68.0,48.0,153.9158935546875,153.3572235107422,0.5586700439453125
s_bird_212,resnet50_tl_20250829,8,4,64,48,68.0,52.0,153.9158935546875,153.445556640625,0.4703369140625
s_bird_212,resnet50_tl_20250829,8,4,64,52,68.0,56.0,153.9158935546875,153.5917205810547,0.3241729736328125
s_bird_212,resnet50_tl_20250829,8,4,64,56,68.0,60.0,153.9158935546875,153.6929473876953,0.2229461669921875
s_bird_212,resnet50_tl_20250829,8,4,64,60,68.0,64.0,153.9158935546875,153.35218811035156,0.5637054443359375
s_bird_212,resnet50_tl_20250829,8,4,64,64,68.0,68.0,153.9158935546875,153.40264892578125,0.51324462890625
s_bird_212,resnet50_tl_20250829,8,4,64,68,68.0,72.0,153.9158935546875,153.54483032226562,0.371063232421875
s_bird_212,resnet50_tl_20250829,8,4,64,72,68.0,76.0,153.9158935546875,153.6294708251953,0.2864227294921875
s_bird_212,resnet50_tl_20250829,8,4,64,76,68.0,80.0,153.9158935546875,153.3666534423828,0.5492401123046875
s_bird_212,resnet50_tl_20250829,8,4,64,80,68.0,84.0,153.9158935546875,153.38829040527344,0.5276031494140625
s_bird_212,resnet50_tl_20250829,8,4,64,84,68.0,88.0,153.9158935546875,153.5260772705078,0.3898162841796875
s_bird_212,resnet50_tl_20250829,8,4,64,88,68.0,92.0,153.9158935546875,153.64938354492188,0.266510009765625
s_bird_212,resnet50_tl_20250829,8,4,64,92,68.0,96.0,153.9158935546875,153.38099670410156,0.5348968505859375
s_bird_212,resnet50_tl_20250829,8,4,64,96,68.0,100.0,153.9158935546875,153.4195098876953,0.4963836669921875
s_bird_212,resnet50_tl_20250829,8,4,64,100,68.0,104.0,153.9158935546875,153.53604125976562,0.379852294921875
s_bird_212,resnet50_tl_20250829,8,4,64,104,68.0,108.0,153.9158935546875,153.6837921142578,0.2321014404296875
s_bird_212,resnet50_tl_20250829,8,4,64,108,68.0,112.0,153.9158935546875,153.3851776123047,0.5307159423828125
s_bird_212,resnet50_tl_20250829,8,4,64,112,68.0,116.0,153.9158935546875,153.43443298339844,0.4814605712890625
s_bird_212,resnet50_tl_20250829,8,4,64,116,68.0,120.0,153.9158935546875,153.61477661132812,0.301116943359375
s_bird_212,resnet50_tl_20250829,8,4,64,120,68.0,124.0,153.9158935546875,153.7075653076172,0.2083282470703125
s_bird_212,resnet50_tl_20250829,8,4,64,124,68.0,128.0,153.9158935546875,153.5511474609375,0.36474609375
s_bird_212,resnet50_tl_20250829,8,4,64,128,68.0,132.0,153.9158935546875,153.4993133544922,0.4165802001953125
s_bird_212,resnet50_tl_20250829,8,4,64,132,68.0,136.0,153.9158935546875,153.6785430908203,0.2373504638671875
s_bird_212,resnet50_tl_20250829,8,4,64,136,68.0,140.0,153.9158935546875,153.6990966796875,0.216796875
s_bird_212,resnet50_tl_20250829,8,4,64,140,68.0,144.0,153.9158935546875,153.5522003173828,0.3636932373046875
s_bird_212,resnet50_tl_20250829,8,4,64,144,68.0,148.0,153.9158935546875,153.6101837158203,0.3057098388671875
s_bird_212,resnet50_tl_20250829,8,4,64,148,68.0,152.0,153.9158935546875,153.64382934570312,0.272064208984375
s_bird_212,resnet50_tl_20250829,8,4,64,152,68.0,156.0,153.9158935546875,153.73672485351562,0.179168701171875
s_bird_212,resnet50_tl_20250829,8,4,64,156,68.0,160.0,153.9158935546875,153.4668731689453,0.4490203857421875
s_bird_212,resnet50_tl_20250829,8,4,64,160,68.0,164.0,153.9158935546875,153.54360961914062,0.372283935546875
s_bird_212,resnet50_tl_20250829,8,4,64,164,68.0,168.0,153.9158935546875,153.64581298828125,0.27008056640625
s_bird_212,resnet50_tl_20250829,8,4,64,168,68.0,172.0,153.9158935546875,153.71714782714844,0.1987457275390625
s_bird_212,resnet50_tl_20250829,8,4,64,172,68.0,176.0,153.9158935546875,153.61460876464844,0.3012847900390625
s_bird_212,resnet50_tl_20250829,8,4,64,176,68.0,180.0,153.9158935546875,153.7138671875,0.2020263671875
s_bird_212,resnet50_tl_20250829,8,4,64,180,68.0,184.0,153.9158935546875,153.7481689453125,0.167724609375
s_bird_212,resnet50_tl_20250829,8,4,64,184,68.0,188.0,153.9158935546875,153.84231567382812,0.073577880859375
s_bird_212,resnet50_tl_20250829,8,4,64,188,68.0,192.0,153.9158935546875,153.67735290527344,0.2385406494140625
s_bird_212,resnet50_tl_20250829,8,4,64,192,68.0,196.0,153.9158935546875,153.77777099609375,0.13812255859375
s_bird_212,resnet50_tl_20250829,8,4,64,196,68.0,200.0,153.9158935546875,153.8021240234375,0.11376953125
s_bird_212,resnet50_tl_20250829,8,4,64,200,68.0,204.0,153.9158935546875,153.88580322265625,0.03009033203125
s_bird_212,resnet50_tl_20250829,8,4,64,204,68.0,208.0,153.9158935546875,153.85516357421875,0.06072998046875
s_bird_212,resnet50_tl_20250829,8,4,64,208,68.0,212.0,153.9158935546875,153.88121032714844,0.0346832275390625
s_bird_212,resnet50_tl_20250829,8,4,64,212,68.0,216.0,153.9158935546875,153.84295654296875,0.07293701171875
s_bird_212,resnet50_tl_20250829,8,4,64,216,68.0,220.0,153.9158935546875,153.87261962890625,0.04327392578125
s_bird_212,resnet50_tl_20250829,8,4,68,0,72.0,4.0,153.9158935546875,153.82359313964844,0.0923004150390625
s_bird_212,resnet50_tl_20250829,8,4,68,4,72.0,8.0,153.9158935546875,153.8839569091797,0.0319366455078125
s_bird_212,resnet50_tl_20250829,8,4,68,8,72.0,12.0,153.9158935546875,153.86753845214844,0.0483551025390625
s_bird_212,resnet50_tl_20250829,8,4,68,12,72.0,16.0,153.9158935546875,153.8354034423828,0.0804901123046875
s_bird_212,resnet50_tl_20250829,8,4,68,16,72.0,20.0,153.9158935546875,153.7109832763672,0.2049102783203125
s_bird_212,resnet50_tl_20250829,8,4,68,20,72.0,24.0,153.9158935546875,153.74496459960938,0.170928955078125
s_bird_212,resnet50_tl_20250829,8,4,68,24,72.0,28.0,153.9158935546875,153.7171173095703,0.1987762451171875
s_bird_212,resnet50_tl_20250829,8,4,68,28,72.0,32.0,153.9158935546875,153.67250061035156,0.2433929443359375
s_bird_212,resnet50_tl_20250829,8,4,68,32,72.0,36.0,153.9158935546875,153.70924377441406,0.2066497802734375
s_bird_212,resnet50_tl_20250829,8,4,68,36,72.0,40.0,153.9158935546875,153.7881317138672,0.1277618408203125
s_bird_212,resnet50_tl_20250829,8,4,68,40,72.0,44.0,153.9158935546875,153.73475646972656,0.1811370849609375
s_bird_212,resnet50_tl_20250829,8,4,68,44,72.0,48.0,153.9158935546875,153.74168395996094,0.1742095947265625
s_bird_212,resnet50_tl_20250829,8,4,68,48,72.0,52.0,153.9158935546875,153.7959747314453,0.1199188232421875
s_bird_212,resnet50_tl_20250829,8,4,68,52,72.0,56.0,153.9158935546875,153.85643005371094,0.0594635009765625
s_bird_212,resnet50_tl_20250829,8,4,68,56,72.0,60.0,153.9158935546875,153.7620391845703,0.1538543701171875
s_bird_212,resnet50_tl_20250829,8,4,68,60,72.0,64.0,153.9158935546875,153.75070190429688,0.165191650390625
s_bird_212,resnet50_tl_20250829,8,4,68,64,72.0,68.0,153.9158935546875,153.74993896484375,0.16595458984375
s_bird_212,resnet50_tl_20250829,8,4,68,68,72.0,72.0,153.9158935546875,153.73526000976562,0.180633544921875
s_bird_212,resnet50_tl_20250829,8,4,68,72,72.0,76.0,153.9158935546875,153.67930603027344,0.2365875244140625
s_bird_212,resnet50_tl_20250829,8,4,68,76,72.0,80.0,153.9158935546875,153.69752502441406,0.2183685302734375
s_bird_212,resnet50_tl_20250829,8,4,68,80,72.0,84.0,153.9158935546875,153.68502807617188,0.230865478515625
s_bird_212,resnet50_tl_20250829,8,4,68,84,72.0,88.0,153.9158935546875,153.741455078125,0.1744384765625
s_bird_212,resnet50_tl_20250829,8,4,68,88,72.0,92.0,153.9158935546875,153.6879119873047,0.2279815673828125
s_bird_212,resnet50_tl_20250829,8,4,68,92,72.0,96.0,153.9158935546875,153.67359924316406,0.2422943115234375
s_bird_212,resnet50_tl_20250829,8,4,68,96,72.0,100.0,153.9158935546875,153.69403076171875,0.22186279296875
s_bird_212,resnet50_tl_20250829,8,4,68,100,72.0,104.0,153.9158935546875,153.75265502929688,0.163238525390625
s_bird_212,resnet50_tl_20250829,8,4,68,104,72.0,108.0,153.9158935546875,153.69923400878906,0.2166595458984375
s_bird_212,resnet50_tl_20250829,8,4,68,108,72.0,112.0,153.9158935546875,153.5913848876953,0.3245086669921875
s_bird_212,resnet50_tl_20250829,8,4,68,112,72.0,116.0,153.9158935546875,153.5312957763672,0.3845977783203125
s_bird_212,resnet50_tl_20250829,8,4,68,116,72.0,120.0,153.9158935546875,153.58705139160156,0.3288421630859375
s_bird_212,resnet50_tl_20250829,8,4,68,120,72.0,124.0,153.9158935546875,153.5810089111328,0.3348846435546875
s_bird_212,resnet50_tl_20250829,8,4,68,124,72.0,128.0,153.9158935546875,153.69215393066406,0.2237396240234375
s_bird_212,resnet50_tl_20250829,8,4,68,128,72.0,132.0,153.9158935546875,153.68605041503906,0.2298431396484375
s_bird_212,resnet50_tl_20250829,8,4,68,132,72.0,136.0,153.9158935546875,153.75885009765625,0.15704345703125
s_bird_212,resnet50_tl_20250829,8,4,68,136,72.0,140.0,153.9158935546875,153.71302795410156,0.2028656005859375
s_bird_212,resnet50_tl_20250829,8,4,68,140,72.0,144.0,153.9158935546875,153.76353454589844,0.1523590087890625
s_bird_212,resnet50_tl_20250829,8,4,68,144,72.0,148.0,153.9158935546875,153.8336181640625,0.082275390625
s_bird_212,resnet50_tl_20250829,8,4,68,148,72.0,152.0,153.9158935546875,153.9262237548828,-0.0103302001953125
s_bird_212,resnet50_tl_20250829,8,4,68,152,72.0,156.0,153.9158935546875,153.83843994140625,0.07745361328125
s_bird_212,resnet50_tl_20250829,8,4,68,156,72.0,160.0,153.9158935546875,153.79898071289062,0.116912841796875
s_bird_212,resnet50_tl_20250829,8,4,68,160,72.0,164.0,153.9158935546875,153.84664916992188,0.069244384765625
s_bird_212,resnet50_tl_20250829,8,4,68,164,72.0,168.0,153.9158935546875,153.8893585205078,0.0265350341796875
s_bird_212,resnet50_tl_20250829,8,4,68,168,72.0,172.0,153.9158935546875,153.82151794433594,0.0943756103515625
s_bird_212,resnet50_tl_20250829,8,4,68,172,72.0,176.0,153.9158935546875,153.81874084472656,0.0971527099609375
s_bird_212,resnet50_tl_20250829,8,4,68,176,72.0,180.0,153.9158935546875,153.89215087890625,0.02374267578125
s_bird_212,resnet50_tl_20250829,8,4,68,180,72.0,184.0,153.9158935546875,153.9191131591797,-0.0032196044921875
s_bird_212,resnet50_tl_20250829,8,4,68,184,72.0,188.0,153.9158935546875,153.9335479736328,-0.0176544189453125
s_bird_212,resnet50_tl_20250829,8,4,68,188,72.0,192.0,153.9158935546875,153.8970489501953,0.0188446044921875
s_bird_212,resnet50_tl_20250829,8,4,68,192,72.0,196.0,153.9158935546875,153.97280883789062,-0.056915283203125
s_bird_212,resnet50_tl_20250829,8,4,68,196,72.0,200.0,153.9158935546875,153.90457153320312,0.011322021484375
s_bird_212,resnet50_tl_20250829,8,4,68,200,72.0,204.0,153.9158935546875,153.89930725097656,0.0165863037109375
s_bird_212,resnet50_tl_20250829,8,4,68,204,72.0,208.0,153.9158935546875,153.90252685546875,0.01336669921875
s_bird_212,resnet50_tl_20250829,8,4,68,208,72.0,212.0,153.9158935546875,153.9508514404297,-0.0349578857421875
s_bird_212,resnet50_tl_20250829,8,4,68,212,72.0,216.0,153.9158935546875,153.89329528808594,0.0225982666015625
s_bird_212,resnet50_tl_20250829,8,4,68,216,72.0,220.0,153.9158935546875,153.86634826660156,0.0495452880859375
s_bird_212,resnet50_tl_20250829,8,4,72,0,76.0,4.0,153.9158935546875,153.76551818847656,0.1503753662109375
s_bird_212,resnet50_tl_20250829,8,4,72,4,76.0,8.0,153.9158935546875,153.77517700195312,0.140716552734375
s_bird_212,resnet50_tl_20250829,8,4,72,8,76.0,12.0,153.9158935546875,153.73887634277344,0.1770172119140625
s_bird_212,resnet50_tl_20250829,8,4,72,12,76.0,16.0,153.9158935546875,153.51112365722656,0.4047698974609375
s_bird_212,resnet50_tl_20250829,8,4,72,16,76.0,20.0,153.9158935546875,153.4603729248047,0.4555206298828125
s_bird_212,resnet50_tl_20250829,8,4,72,20,76.0,24.0,153.9158935546875,153.50314331054688,0.412750244140625
s_bird_212,resnet50_tl_20250829,8,4,72,24,76.0,28.0,153.9158935546875,153.54107666015625,0.37481689453125
s_bird_212,resnet50_tl_20250829,8,4,72,28,76.0,32.0,153.9158935546875,153.2573699951172,0.6585235595703125
s_bird_212,resnet50_tl_20250829,8,4,72,32,76.0,36.0,153.9158935546875,153.33547973632812,0.580413818359375
s_bird_212,resnet50_tl_20250829,8,4,72,36,76.0,40.0,153.9158935546875,153.42581176757812,0.490081787109375
s_bird_212,resnet50_tl_20250829,8,4,72,40,76.0,44.0,153.9158935546875,153.62074279785156,0.2951507568359375
s_bird_212,resnet50_tl_20250829,8,4,72,44,76.0,48.0,153.9158935546875,153.43856811523438,0.477325439453125
s_bird_212,resnet50_tl_20250829,8,4,72,48,76.0,52.0,153.9158935546875,153.5034637451172,0.4124298095703125
s_bird_212,resnet50_tl_20250829,8,4,72,52,76.0,56.0,153.9158935546875,153.5392608642578,0.3766326904296875
s_bird_212,resnet50_tl_20250829,8,4,72,56,76.0,60.0,153.9158935546875,153.61456298828125,0.30133056640625
s_bird_212,resnet50_tl_20250829,8,4,72,60,76.0,64.0,153.9158935546875,153.47509765625,0.4407958984375
s_bird_212,resnet50_tl_20250829,8,4,72,64,76.0,68.0,153.9158935546875,153.49415588378906,0.4217376708984375
s_bird_212,resnet50_tl_20250829,8,4,72,68,76.0,72.0,153.9158935546875,153.48773193359375,0.42816162109375
s_bird_212,resnet50_tl_20250829,8,4,72,72,76.0,76.0,153.9158935546875,153.52847290039062,0.387420654296875
s_bird_212,resnet50_tl_20250829,8,4,72,76,76.0,80.0,153.9158935546875,153.37484741210938,0.541046142578125
s_bird_212,resnet50_tl_20250829,8,4,72,80,76.0,84.0,153.9158935546875,153.40731811523438,0.508575439453125
s_bird_212,resnet50_tl_20250829,8,4,72,84,76.0,88.0,153.9158935546875,153.47555541992188,0.440338134765625
s_bird_212,resnet50_tl_20250829,8,4,72,88,76.0,92.0,153.9158935546875,153.61407470703125,0.30181884765625
s_bird_212,resnet50_tl_20250829,8,4,72,92,76.0,96.0,153.9158935546875,153.43585205078125,0.48004150390625
s_bird_212,resnet50_tl_20250829,8,4,72,96,76.0,100.0,153.9158935546875,153.50621032714844,0.4096832275390625
s_bird_212,resnet50_tl_20250829,8,4,72,100,76.0,104.0,153.9158935546875,153.52244567871094,0.3934478759765625
s_bird_212,resnet50_tl_20250829,8,4,72,104,76.0,108.0,153.9158935546875,153.59254455566406,0.3233489990234375
s_bird_212,resnet50_tl_20250829,8,4,72,108,76.0,112.0,153.9158935546875,153.4793243408203,0.4365692138671875
s_bird_212,resnet50_tl_20250829,8,4,72,112,76.0,116.0,153.9158935546875,153.37408447265625,0.54180908203125
s_bird_212,resnet50_tl_20250829,8,4,72,116,76.0,120.0,153.9158935546875,153.36277770996094,0.5531158447265625
s_bird_212,resnet50_tl_20250829,8,4,72,120,76.0,124.0,153.9158935546875,153.29502868652344,0.6208648681640625
s_bird_212,resnet50_tl_20250829,8,4,72,124,76.0,128.0,153.9158935546875,153.38681030273438,0.529083251953125
s_bird_212,resnet50_tl_20250829,8,4,72,128,76.0,132.0,153.9158935546875,153.38865661621094,0.5272369384765625
s_bird_212,resnet50_tl_20250829,8,4,72,132,76.0,136.0,153.9158935546875,153.58013916015625,0.33575439453125
s_bird_212,resnet50_tl_20250829,8,4,72,136,76.0,140.0,153.9158935546875,153.62820434570312,0.287689208984375
s_bird_212,resnet50_tl_20250829,8,4,72,140,76.0,144.0,153.9158935546875,153.61831665039062,0.297576904296875
s_bird_212,resnet50_tl_20250829,8,4,72,144,76.0,148.0,153.9158935546875,153.6970672607422,0.2188262939453125
s_bird_212,resnet50_tl_20250829,8,4,72,148,76.0,152.0,153.9158935546875,153.77354431152344,0.1423492431640625
s_bird_212,resnet50_tl_20250829,8,4,72,152,76.0,156.0,153.9158935546875,153.74903869628906,0.1668548583984375
s_bird_212,resnet50_tl_20250829,8,4,72,156,76.0,160.0,153.9158935546875,153.6151580810547,0.3007354736328125
s_bird_212,resnet50_tl_20250829,8,4,72,160,76.0,164.0,153.9158935546875,153.7045440673828,0.2113494873046875
s_bird_212,resnet50_tl_20250829,8,4,72,164,76.0,168.0,153.9158935546875,153.77774047851562,0.138153076171875
s_bird_212,resnet50_tl_20250829,8,4,72,168,76.0,172.0,153.9158935546875,153.85218811035156,0.0637054443359375
s_bird_212,resnet50_tl_20250829,8,4,72,172,76.0,176.0,153.9158935546875,153.69744873046875,0.21844482421875
s_bird_212,resnet50_tl_20250829,8,4,72,176,76.0,180.0,153.9158935546875,153.78753662109375,0.12835693359375
s_bird_212,resnet50_tl_20250829,8,4,72,180,76.0,184.0,153.9158935546875,153.7920684814453,0.1238250732421875
s_bird_212,resnet50_tl_20250829,8,4,72,184,76.0,188.0,153.9158935546875,153.89508056640625,0.02081298828125
s_bird_212,resnet50_tl_20250829,8,4,72,188,76.0,192.0,153.9158935546875,153.81759643554688,0.098297119140625
s_bird_212,resnet50_tl_20250829,8,4,72,192,76.0,196.0,153.9158935546875,153.8945770263672,0.0213165283203125
s_bird_212,resnet50_tl_20250829,8,4,72,196,76.0,200.0,153.9158935546875,153.85289001464844,0.0630035400390625
s_bird_212,resnet50_tl_20250829,8,4,72,200,76.0,204.0,153.9158935546875,153.91122436523438,0.004669189453125
s_bird_212,resnet50_tl_20250829,8,4,72,204,76.0,208.0,153.9158935546875,153.9163360595703,-0.0004425048828125
s_bird_212,resnet50_tl_20250829,8,4,72,208,76.0,212.0,153.9158935546875,153.93484497070312,-0.018951416015625
s_bird_212,resnet50_tl_20250829,8,4,72,212,76.0,216.0,153.9158935546875,153.86724853515625,0.04864501953125
s_bird_212,resnet50_tl_20250829,8,4,72,216,76.0,220.0,153.9158935546875,153.8733673095703,0.0425262451171875
s_bird_212,resnet50_tl_20250829,8,4,76,0,80.0,4.0,153.9158935546875,153.473388671875,0.4425048828125
s_bird_212,resnet50_tl_20250829,8,4,76,4,80.0,8.0,153.9158935546875,153.78042602539062,0.135467529296875
s_bird_212,resnet50_tl_20250829,8,4,76,8,80.0,12.0,153.9158935546875,153.7574920654297,0.1584014892578125
s_bird_212,resnet50_tl_20250829,8,4,76,12,80.0,16.0,153.9158935546875,153.5098114013672,0.4060821533203125
s_bird_212,resnet50_tl_20250829,8,4,76,16,80.0,20.0,153.9158935546875,153.35061645507812,0.565277099609375
s_bird_212,resnet50_tl_20250829,8,4,76,20,80.0,24.0,153.9158935546875,153.619873046875,0.2960205078125
s_bird_212,resnet50_tl_20250829,8,4,76,24,80.0,28.0,153.9158935546875,153.6640167236328,0.2518768310546875
s_bird_212,resnet50_tl_20250829,8,4,76,28,80.0,32.0,153.9158935546875,153.02029418945312,0.895599365234375
s_bird_212,resnet50_tl_20250829,8,4,76,32,80.0,36.0,153.9158935546875,153.06039428710938,0.855499267578125
s_bird_212,resnet50_tl_20250829,8,4,76,36,80.0,40.0,153.9158935546875,153.42449951171875,0.49139404296875
s_bird_212,resnet50_tl_20250829,8,4,76,40,80.0,44.0,153.9158935546875,153.5975799560547,0.3183135986328125
s_bird_212,resnet50_tl_20250829,8,4,76,44,80.0,48.0,153.9158935546875,153.22994995117188,0.685943603515625
s_bird_212,resnet50_tl_20250829,8,4,76,48,80.0,52.0,153.9158935546875,153.2739715576172,0.6419219970703125
s_bird_212,resnet50_tl_20250829,8,4,76,52,80.0,56.0,153.9158935546875,153.53929138183594,0.3766021728515625
s_bird_212,resnet50_tl_20250829,8,4,76,56,80.0,60.0,153.9158935546875,153.64552307128906,0.2703704833984375
s_bird_212,resnet50_tl_20250829,8,4,76,60,80.0,64.0,153.9158935546875,153.2945556640625,0.621337890625
s_bird_212,resnet50_tl_20250829,8,4,76,64,80.0,68.0,153.9158935546875,153.3272705078125,0.588623046875
s_bird_212,resnet50_tl_20250829,8,4,76,68,80.0,72.0,153.9158935546875,153.56358337402344,0.3523101806640625
s_bird_212,resnet50_tl_20250829,8,4,76,72,80.0,76.0,153.9158935546875,153.59922790527344,0.3166656494140625
s_bird_212,resnet50_tl_20250829,8,4,76,76,80.0,80.0,153.9158935546875,153.26455688476562,0.651336669921875
s_bird_212,resnet50_tl_20250829,8,4,76,80,80.0,84.0,153.9158935546875,153.25051879882812,0.665374755859375
s_bird_212,resnet50_tl_20250829,8,4,76,84,80.0,88.0,153.9158935546875,153.50485229492188,0.411041259765625
s_bird_212,resnet50_tl_20250829,8,4,76,88,80.0,92.0,153.9158935546875,153.6135711669922,0.3023223876953125
s_bird_212,resnet50_tl_20250829,8,4,76,92,80.0,96.0,153.9158935546875,153.3155975341797,0.6002960205078125
s_bird_212,resnet50_tl_20250829,8,4,76,96,80.0,100.0,153.9158935546875,153.31845092773438,0.597442626953125
s_bird_212,resnet50_tl_20250829,8,4,76,100,80.0,104.0,153.9158935546875,153.56130981445312,0.354583740234375
s_bird_212,resnet50_tl_20250829,8,4,76,104,80.0,108.0,153.9158935546875,153.5766143798828,0.3392791748046875
s_bird_212,resnet50_tl_20250829,8,4,76,108,80.0,112.0,153.9158935546875,153.24325561523438,0.672637939453125
s_bird_212,resnet50_tl_20250829,8,4,76,112,80.0,116.0,153.9158935546875,153.43328857421875,0.48260498046875
s_bird_212,resnet50_tl_20250829,8,4,76,116,80.0,120.0,153.9158935546875,153.44142150878906,0.4744720458984375
s_bird_212,resnet50_tl_20250829,8,4,76,120,80.0,124.0,153.9158935546875,153.57247924804688,0.343414306640625
s_bird_212,resnet50_tl_20250829,8,4,76,124,80.0,128.0,153.9158935546875,153.37860107421875,0.53729248046875
s_bird_212,resnet50_tl_20250829,8,4,76,128,80.0,132.0,153.9158935546875,153.32696533203125,0.58892822265625
s_bird_212,resnet50_tl_20250829,8,4,76,132,80.0,136.0,153.9158935546875,153.59034729003906,0.3255462646484375
s_bird_212,resnet50_tl_20250829,8,4,76,136,80.0,140.0,153.9158935546875,153.59469604492188,0.321197509765625
s_bird_212,resnet50_tl_20250829,8,4,76,140,80.0,144.0,153.9158935546875,153.2514190673828,0.6644744873046875
s_bird_212,resnet50_tl_20250829,8,4,76,144,80.0,148.0,153.9158935546875,153.4151153564453,0.5007781982421875
s_bird_212,resnet50_tl_20250829,8,4,76,148,80.0,152.0,153.9158935546875,153.7973175048828,0.1185760498046875
s_bird_212,resnet50_tl_20250829,8,4,76,152,80.0,156.0,153.9158935546875,153.7601776123047,0.1557159423828125
s_bird_212,resnet50_tl_20250829,8,4,76,156,80.0,160.0,153.9158935546875,153.3854217529297,0.5304718017578125
s_bird_212,resnet50_tl_20250829,8,4,76,160,80.0,164.0,153.9158935546875,153.4779052734375,0.43798828125
s_bird_212,resnet50_tl_20250829,8,4,76,164,80.0,168.0,153.9158935546875,153.75885009765625,0.15704345703125
s_bird_212,resnet50_tl_20250829,8,4,76,168,80.0,172.0,153.9158935546875,153.80909729003906,0.1067962646484375
s_bird_212,resnet50_tl_20250829,8,4,76,172,80.0,176.0,153.9158935546875,153.6239013671875,0.2919921875
s_bird_212,resnet50_tl_20250829,8,4,76,176,80.0,180.0,153.9158935546875,153.636474609375,0.2794189453125
s_bird_212,resnet50_tl_20250829,8,4,76,180,80.0,184.0,153.9158935546875,153.8543243408203,0.0615692138671875
s_bird_212,resnet50_tl_20250829,8,4,76,184,80.0,188.0,153.9158935546875,153.9608917236328,-0.0449981689453125
s_bird_212,resnet50_tl_20250829,8,4,76,188,80.0,192.0,153.9158935546875,153.80068969726562,0.115203857421875
s_bird_212,resnet50_tl_20250829,8,4,76,192,80.0,196.0,153.9158935546875,153.8242645263672,0.0916290283203125
s_bird_212,resnet50_tl_20250829,8,4,76,196,80.0,200.0,153.9158935546875,153.80743408203125,0.10845947265625
s_bird_212,resnet50_tl_20250829,8,4,76,200,80.0,204.0,153.9158935546875,153.90480041503906,0.0110931396484375
s_bird_212,resnet50_tl_20250829,8,4,76,204,80.0,208.0,153.9158935546875,153.8865203857422,0.0293731689453125
s_bird_212,resnet50_tl_20250829,8,4,76,208,80.0,212.0,153.9158935546875,153.881103515625,0.0347900390625
s_bird_212,resnet50_tl_20250829,8,4,76,212,80.0,216.0,153.9158935546875,153.85130310058594,0.0645904541015625
s_bird_212,resnet50_tl_20250829,8,4,76,216,80.0,220.0,153.9158935546875,153.8647918701172,0.0511016845703125
s_bird_212,resnet50_tl_20250829,8,4,80,0,84.0,4.0,153.9158935546875,153.48968505859375,0.42620849609375
s_bird_212,resnet50_tl_20250829,8,4,80,4,84.0,8.0,153.9158935546875,153.6809539794922,0.2349395751953125
s_bird_212,resnet50_tl_20250829,8,4,80,8,84.0,12.0,153.9158935546875,153.79273986816406,0.1231536865234375
s_bird_212,resnet50_tl_20250829,8,4,80,12,84.0,16.0,153.9158935546875,153.42298889160156,0.4929046630859375
s_bird_212,resnet50_tl_20250829,8,4,80,16,84.0,20.0,153.9158935546875,153.4442901611328,0.4716033935546875
s_bird_212,resnet50_tl_20250829,8,4,80,20,84.0,24.0,153.9158935546875,153.5288543701172,0.3870391845703125
s_bird_212,resnet50_tl_20250829,8,4,80,24,84.0,28.0,153.9158935546875,153.6793670654297,0.2365264892578125
s_bird_212,resnet50_tl_20250829,8,4,80,28,84.0,32.0,153.9158935546875,152.98355102539062,0.932342529296875
s_bird_212,resnet50_tl_20250829,8,4,80,32,84.0,36.0,153.9158935546875,153.1788330078125,0.737060546875
s_bird_212,resnet50_tl_20250829,8,4,80,36,84.0,40.0,153.9158935546875,153.41519165039062,0.500701904296875
s_bird_212,resnet50_tl_20250829,8,4,80,40,84.0,44.0,153.9158935546875,153.50057983398438,0.415313720703125
s_bird_212,resnet50_tl_20250829,8,4,80,44,84.0,48.0,153.9158935546875,153.1306610107422,0.7852325439453125
s_bird_212,resnet50_tl_20250829,8,4,80,48,84.0,52.0,153.9158935546875,153.1962890625,0.7196044921875
s_bird_212,resnet50_tl_20250829,8,4,80,52,84.0,56.0,153.9158935546875,153.5084686279297,0.4074249267578125
s_bird_212,resnet50_tl_20250829,8,4,80,56,84.0,60.0,153.9158935546875,153.59300231933594,0.3228912353515625
s_bird_212,resnet50_tl_20250829,8,4,80,60,84.0,64.0,153.9158935546875,153.31564331054688,0.600250244140625
s_bird_212,resnet50_tl_20250829,8,4,80,64,84.0,68.0,153.9158935546875,153.4073486328125,0.508544921875
s_bird_212,resnet50_tl_20250829,8,4,80,68,84.0,72.0,153.9158935546875,153.56201171875,0.3538818359375
s_bird_212,resnet50_tl_20250829,8,4,80,72,84.0,76.0,153.9158935546875,153.65658569335938,0.259307861328125
s_bird_212,resnet50_tl_20250829,8,4,80,76,84.0,80.0,153.9158935546875,153.25668334960938,0.659210205078125
s_bird_212,resnet50_tl_20250829,8,4,80,80,84.0,84.0,153.9158935546875,153.3410186767578,0.5748748779296875
s_bird_212,resnet50_tl_20250829,8,4,80,84,84.0,88.0,153.9158935546875,153.4879150390625,0.427978515625
s_bird_212,resnet50_tl_20250829,8,4,80,88,84.0,92.0,153.9158935546875,153.61614990234375,0.29974365234375
s_bird_212,resnet50_tl_20250829,8,4,80,92,84.0,96.0,153.9158935546875,153.3350830078125,0.580810546875
s_bird_212,resnet50_tl_20250829,8,4,80,96,84.0,100.0,153.9158935546875,153.41897583007812,0.496917724609375
s_bird_212,resnet50_tl_20250829,8,4,80,100,84.0,104.0,153.9158935546875,153.52001953125,0.3958740234375
s_bird_212,resnet50_tl_20250829,8,4,80,104,84.0,108.0,153.9158935546875,153.51528930664062,0.400604248046875
s_bird_212,resnet50_tl_20250829,8,4,80,108,84.0,112.0,153.9158935546875,153.4172821044922,0.4986114501953125
s_bird_212,resnet50_tl_20250829,8,4,80,112,84.0,116.0,153.9158935546875,153.46424865722656,0.4516448974609375
s_bird_212,resnet50_tl_20250829,8,4,80,116,84.0,120.0,153.9158935546875,153.82107543945312,0.094818115234375
s_bird_212,resnet50_tl_20250829,8,4,80,120,84.0,124.0,153.9158935546875,153.7952423095703,0.1206512451171875
s_bird_212,resnet50_tl_20250829,8,4,80,124,84.0,128.0,153.9158935546875,153.68948364257812,0.226409912109375
s_bird_212,resnet50_tl_20250829,8,4,80,128,84.0,132.0,153.9158935546875,153.66709899902344,0.2487945556640625
s_bird_212,resnet50_tl_20250829,8,4,80,132,84.0,136.0,153.9158935546875,153.76626586914062,0.149627685546875
s_bird_212,resnet50_tl_20250829,8,4,80,136,84.0,140.0,153.9158935546875,153.60580444335938,0.310089111328125
s_bird_212,resnet50_tl_20250829,8,4,80,140,84.0,144.0,153.9158935546875,153.3719940185547,0.5438995361328125
s_bird_212,resnet50_tl_20250829,8,4,80,144,84.0,148.0,153.9158935546875,153.3428497314453,0.5730438232421875
s_bird_212,resnet50_tl_20250829,8,4,80,148,84.0,152.0,153.9158935546875,153.77992248535156,0.1359710693359375
s_bird_212,resnet50_tl_20250829,8,4,80,152,84.0,156.0,153.9158935546875,153.70611572265625,0.20977783203125
s_bird_212,resnet50_tl_20250829,8,4,80,156,84.0,160.0,153.9158935546875,153.39712524414062,0.518768310546875
s_bird_212,resnet50_tl_20250829,8,4,80,160,84.0,164.0,153.9158935546875,153.4427947998047,0.4730987548828125
s_bird_212,resnet50_tl_20250829,8,4,80,164,84.0,168.0,153.9158935546875,153.75048828125,0.1654052734375
s_bird_212,resnet50_tl_20250829,8,4,80,168,84.0,172.0,153.9158935546875,153.81813049316406,0.0977630615234375
s_bird_212,resnet50_tl_20250829,8,4,80,172,84.0,176.0,153.9158935546875,153.6602325439453,0.2556610107421875
s_bird_212,resnet50_tl_20250829,8,4,80,176,84.0,180.0,153.9158935546875,153.64862060546875,0.26727294921875
s_bird_212,resnet50_tl_20250829,8,4,80,180,84.0,184.0,153.9158935546875,153.8369140625,0.0789794921875
s_bird_212,resnet50_tl_20250829,8,4,80,184,84.0,188.0,153.9158935546875,153.9633331298828,-0.0474395751953125
s_bird_212,resnet50_tl_20250829,8,4,80,188,84.0,192.0,153.9158935546875,153.84814453125,0.0677490234375
s_bird_212,resnet50_tl_20250829,8,4,80,192,84.0,196.0,153.9158935546875,153.8395538330078,0.0763397216796875
s_bird_212,resnet50_tl_20250829,8,4,80,196,84.0,200.0,153.9158935546875,153.87574768066406,0.0401458740234375
s_bird_212,resnet50_tl_20250829,8,4,80,200,84.0,204.0,153.9158935546875,153.9376220703125,-0.021728515625
s_bird_212,resnet50_tl_20250829,8,4,80,204,84.0,208.0,153.9158935546875,153.8910675048828,0.0248260498046875
s_bird_212,resnet50_tl_20250829,8,4,80,208,84.0,212.0,153.9158935546875,153.88308715820312,0.032806396484375
s_bird_212,resnet50_tl_20250829,8,4,80,212,84.0,216.0,153.9158935546875,153.8609161376953,0.0549774169921875
s_bird_212,resnet50_tl_20250829,8,4,80,216,84.0,220.0,153.9158935546875,153.88148498535156,0.0344085693359375
s_bird_212,resnet50_tl_20250829,8,4,84,0,88.0,4.0,153.9158935546875,153.78057861328125,0.13531494140625
s_bird_212,resnet50_tl_20250829,8,4,84,4,88.0,8.0,153.9158935546875,153.83355712890625,0.08233642578125
s_bird_212,resnet50_tl_20250829,8,4,84,8,88.0,12.0,153.9158935546875,153.8861083984375,0.02978515625
s_bird_212,resnet50_tl_20250829,8,4,84,12,88.0,16.0,153.9158935546875,153.83587646484375,0.08001708984375
s_bird_212,resnet50_tl_20250829,8,4,84,16,88.0,20.0,153.9158935546875,153.7806854248047,0.1352081298828125
s_bird_212,resnet50_tl_20250829,8,4,84,20,88.0,24.0,153.9158935546875,153.73231506347656,0.1835784912109375
s_bird_212,resnet50_tl_20250829,8,4,84,24,88.0,28.0,153.9158935546875,153.64639282226562,0.269500732421875
s_bird_212,resnet50_tl_20250829,8,4,84,28,88.0,32.0,153.9158935546875,153.46401977539062,0.451873779296875
s_bird_212,resnet50_tl_20250829,8,4,84,32,88.0,36.0,153.9158935546875,153.60604858398438,0.309844970703125
s_bird_212,resnet50_tl_20250829,8,4,84,36,88.0,40.0,153.9158935546875,153.50286865234375,0.41302490234375
s_bird_212,resnet50_tl_20250829,8,4,84,40,88.0,44.0,153.9158935546875,153.43382263183594,0.4820709228515625
s_bird_212,resnet50_tl_20250829,8,4,84,44,88.0,48.0,153.9158935546875,153.51072692871094,0.4051666259765625
s_bird_212,resnet50_tl_20250829,8,4,84,48,88.0,52.0,153.9158935546875,153.55479431152344,0.3610992431640625
s_bird_212,resnet50_tl_20250829,8,4,84,52,88.0,56.0,153.9158935546875,153.55331420898438,0.362579345703125
s_bird_212,resnet50_tl_20250829,8,4,84,56,88.0,60.0,153.9158935546875,153.50259399414062,0.413299560546875
s_bird_212,resnet50_tl_20250829,8,4,84,60,88.0,64.0,153.9158935546875,153.56956481933594,0.3463287353515625
s_bird_212,resnet50_tl_20250829,8,4,84,64,88.0,68.0,153.9158935546875,153.71908569335938,0.196807861328125
s_bird_212,resnet50_tl_20250829,8,4,84,68,88.0,72.0,153.9158935546875,153.78334045410156,0.1325531005859375
s_bird_212,resnet50_tl_20250829,8,4,84,72,88.0,76.0,153.9158935546875,153.67654418945312,0.239349365234375
s_bird_212,resnet50_tl_20250829,8,4,84,76,88.0,80.0,153.9158935546875,153.67271423339844,0.2431793212890625
s_bird_212,resnet50_tl_20250829,8,4,84,80,88.0,84.0,153.9158935546875,153.70709228515625,0.20880126953125
s_bird_212,resnet50_tl_20250829,8,4,84,84,88.0,88.0,153.9158935546875,153.7252655029297,0.1906280517578125
s_bird_212,resnet50_tl_20250829,8,4,84,88,88.0,92.0,153.9158935546875,153.63812255859375,0.27777099609375
s_bird_212,resnet50_tl_20250829,8,4,84,92,88.0,96.0,153.9158935546875,153.6407470703125,0.275146484375
s_bird_212,resnet50_tl_20250829,8,4,84,96,88.0,100.0,153.9158935546875,153.6946258544922,0.2212677001953125
s_bird_212,resnet50_tl_20250829,8,4,84,100,88.0,104.0,153.9158935546875,153.68893432617188,0.226959228515625
s_bird_212,resnet50_tl_20250829,8,4,84,104,88.0,108.0,153.9158935546875,153.8662567138672,0.0496368408203125
s_bird_212,resnet50_tl_20250829,8,4,84,108,88.0,112.0,153.9158935546875,153.744873046875,0.1710205078125
s_bird_212,resnet50_tl_20250829,8,4,84,112,88.0,116.0,153.9158935546875,153.7602081298828,0.1556854248046875
s_bird_212,resnet50_tl_20250829,8,4,84,116,88.0,120.0,153.9158935546875,153.73074340820312,0.185150146484375
s_bird_212,resnet50_tl_20250829,8,4,84,120,88.0,124.0,153.9158935546875,153.68118286132812,0.234710693359375
s_bird_212,resnet50_tl_20250829,8,4,84,124,88.0,128.0,153.9158935546875,153.71234130859375,0.20355224609375
s_bird_212,resnet50_tl_20250829,8,4,84,128,88.0,132.0,153.9158935546875,153.771484375,0.1444091796875
s_bird_212,resnet50_tl_20250829,8,4,84,132,88.0,136.0,153.9158935546875,153.77450561523438,0.141387939453125
s_bird_212,resnet50_tl_20250829,8,4,84,136,88.0,140.0,153.9158935546875,153.69894409179688,0.216949462890625
s_bird_212,resnet50_tl_20250829,8,4,84,140,88.0,144.0,153.9158935546875,153.71572875976562,0.200164794921875
s_bird_212,resnet50_tl_20250829,8,4,84,144,88.0,148.0,153.9158935546875,153.68577575683594,0.2301177978515625
s_bird_212,resnet50_tl_20250829,8,4,84,148,88.0,152.0,153.9158935546875,153.65524291992188,0.260650634765625
s_bird_212,resnet50_tl_20250829,8,4,84,152,88.0,156.0,153.9158935546875,153.6096649169922,0.3062286376953125
s_bird_212,resnet50_tl_20250829,8,4,84,156,88.0,160.0,153.9158935546875,153.54525756835938,0.370635986328125
s_bird_212,resnet50_tl_20250829,8,4,84,160,88.0,164.0,153.9158935546875,153.5244140625,0.3914794921875
s_bird_212,resnet50_tl_20250829,8,4,84,164,88.0,168.0,153.9158935546875,153.6876220703125,0.228271484375
s_bird_212,resnet50_tl_20250829,8,4,84,168,88.0,172.0,153.9158935546875,153.7490692138672,0.1668243408203125
s_bird_212,resnet50_tl_20250829,8,4,84,172,88.0,176.0,153.9158935546875,153.73443603515625,0.18145751953125
s_bird_212,resnet50_tl_20250829,8,4,84,176,88.0,180.0,153.9158935546875,153.75726318359375,0.15863037109375
s_bird_212,resnet50_tl_20250829,8,4,84,180,88.0,184.0,153.9158935546875,153.83216857910156,0.0837249755859375
s_bird_212,resnet50_tl_20250829,8,4,84,184,88.0,188.0,153.9158935546875,153.93411254882812,-0.018218994140625
s_bird_212,resnet50_tl_20250829,8,4,84,188,88.0,192.0,153.9158935546875,153.90603637695312,0.009857177734375
s_bird_212,resnet50_tl_20250829,8,4,84,192,88.0,196.0,153.9158935546875,153.92906188964844,-0.0131683349609375
s_bird_212,resnet50_tl_20250829,8,4,84,196,88.0,200.0,153.9158935546875,153.88104248046875,0.03485107421875
s_bird_212,resnet50_tl_20250829,8,4,84,200,88.0,204.0,153.9158935546875,153.89329528808594,0.0225982666015625
s_bird_212,resnet50_tl_20250829,8,4,84,204,88.0,208.0,153.9158935546875,153.90267944335938,0.013214111328125
s_bird_212,resnet50_tl_20250829,8,4,84,208,88.0,212.0,153.9158935546875,153.94537353515625,-0.02947998046875
s_bird_212,resnet50_tl_20250829,8,4,84,212,88.0,216.0,153.9158935546875,153.89376831054688,0.022125244140625
s_bird_212,resnet50_tl_20250829,8,4,84,216,88.0,220.0,153.9158935546875,153.881591796875,0.0343017578125
s_bird_212,resnet50_tl_20250829,8,4,88,0,92.0,4.0,153.9158935546875,153.62960815429688,0.286285400390625
s_bird_212,resnet50_tl_20250829,8,4,88,4,92.0,8.0,153.9158935546875,153.7418212890625,0.174072265625
s_bird_212,resnet50_tl_20250829,8,4,88,8,92.0,12.0,153.9158935546875,153.81788635253906,0.0980072021484375
s_bird_212,resnet50_tl_20250829,8,4,88,12,92.0,16.0,153.9158935546875,153.64434814453125,0.27154541015625
s_bird_212,resnet50_tl_20250829,8,4,88,16,92.0,20.0,153.9158935546875,153.65240478515625,0.26348876953125
s_bird_212,resnet50_tl_20250829,8,4,88,20,92.0,24.0,153.9158935546875,153.56658935546875,0.34930419921875
s_bird_212,resnet50_tl_20250829,8,4,88,24,92.0,28.0,153.9158935546875,153.73252868652344,0.1833648681640625
s_bird_212,resnet50_tl_20250829,8,4,88,28,92.0,32.0,153.9158935546875,153.51687622070312,0.399017333984375
s_bird_212,resnet50_tl_20250829,8,4,88,32,92.0,36.0,153.9158935546875,153.63937377929688,0.276519775390625
s_bird_212,resnet50_tl_20250829,8,4,88,36,92.0,40.0,153.9158935546875,153.46200561523438,0.453887939453125
s_bird_212,resnet50_tl_20250829,8,4,88,40,92.0,44.0,153.9158935546875,153.51193237304688,0.403961181640625
s_bird_212,resnet50_tl_20250829,8,4,88,44,92.0,48.0,153.9158935546875,153.50296020507812,0.412933349609375
s_bird_212,resnet50_tl_20250829,8,4,88,48,92.0,52.0,153.9158935546875,153.51303100585938,0.402862548828125
s_bird_212,resnet50_tl_20250829,8,4,88,52,92.0,56.0,153.9158935546875,153.49127197265625,0.42462158203125
s_bird_212,resnet50_tl_20250829,8,4,88,56,92.0,60.0,153.9158935546875,153.51031494140625,0.40557861328125
s_bird_212,resnet50_tl_20250829,8,4,88,60,92.0,64.0,153.9158935546875,153.54759216308594,0.3683013916015625
s_bird_212,resnet50_tl_20250829,8,4,88,64,92.0,68.0,153.9158935546875,153.65545654296875,0.26043701171875
s_bird_212,resnet50_tl_20250829,8,4,88,68,92.0,72.0,153.9158935546875,153.58145141601562,0.334442138671875
s_bird_212,resnet50_tl_20250829,8,4,88,72,92.0,76.0,153.9158935546875,153.6294708251953,0.2864227294921875
s_bird_212,resnet50_tl_20250829,8,4,88,76,92.0,80.0,153.9158935546875,153.61343383789062,0.302459716796875
s_bird_212,resnet50_tl_20250829,8,4,88,80,92.0,84.0,153.9158935546875,153.7515106201172,0.1643829345703125
s_bird_212,resnet50_tl_20250829,8,4,88,84,92.0,88.0,153.9158935546875,153.66563415527344,0.2502593994140625
s_bird_212,resnet50_tl_20250829,8,4,88,88,92.0,92.0,153.9158935546875,153.7042694091797,0.2116241455078125
s_bird_212,resnet50_tl_20250829,8,4,88,92,92.0,96.0,153.9158935546875,153.64157104492188,0.274322509765625
s_bird_212,resnet50_tl_20250829,8,4,88,96,92.0,100.0,153.9158935546875,153.65090942382812,0.264984130859375
s_bird_212,resnet50_tl_20250829,8,4,88,100,92.0,104.0,153.9158935546875,153.5746307373047,0.3412628173828125
s_bird_212,resnet50_tl_20250829,8,4,88,104,92.0,108.0,153.9158935546875,153.6321563720703,0.2837371826171875
s_bird_212,resnet50_tl_20250829,8,4,88,108,92.0,112.0,153.9158935546875,153.7452850341797,0.1706085205078125
s_bird_212,resnet50_tl_20250829,8,4,88,112,92.0,116.0,153.9158935546875,153.6975555419922,0.2183380126953125
s_bird_212,resnet50_tl_20250829,8,4,88,116,92.0,120.0,153.9158935546875,153.54298400878906,0.3729095458984375
s_bird_212,resnet50_tl_20250829,8,4,88,120,92.0,124.0,153.9158935546875,153.5887908935547,0.3271026611328125
s_bird_212,resnet50_tl_20250829,8,4,88,124,92.0,128.0,153.9158935546875,153.62576293945312,0.290130615234375
s_bird_212,resnet50_tl_20250829,8,4,88,128,92.0,132.0,153.9158935546875,153.71124267578125,0.20465087890625
s_bird_212,resnet50_tl_20250829,8,4,88,132,92.0,136.0,153.9158935546875,153.63430786132812,0.281585693359375
s_bird_212,resnet50_tl_20250829,8,4,88,136,92.0,140.0,153.9158935546875,153.70303344726562,0.212860107421875
s_bird_212,resnet50_tl_20250829,8,4,88,140,92.0,144.0,153.9158935546875,153.70089721679688,0.214996337890625
s_bird_212,resnet50_tl_20250829,8,4,88,144,92.0,148.0,153.9158935546875,153.7307891845703,0.1851043701171875
s_bird_212,resnet50_tl_20250829,8,4,88,148,92.0,152.0,153.9158935546875,153.63388061523438,0.282012939453125
s_bird_212,resnet50_tl_20250829,8,4,88,152,92.0,156.0,153.9158935546875,153.6149444580078,0.3009490966796875
s_bird_212,resnet50_tl_20250829,8,4,88,156,92.0,160.0,153.9158935546875,153.56214904785156,0.3537445068359375
s_bird_212,resnet50_tl_20250829,8,4,88,160,92.0,164.0,153.9158935546875,153.4271697998047,0.4887237548828125
s_bird_212,resnet50_tl_20250829,8,4,88,164,92.0,168.0,153.9158935546875,153.37063598632812,0.545257568359375
s_bird_212,resnet50_tl_20250829,8,4,88,168,92.0,172.0,153.9158935546875,153.46588134765625,0.45001220703125
s_bird_212,resnet50_tl_20250829,8,4,88,172,92.0,176.0,153.9158935546875,153.54600524902344,0.3698883056640625
s_bird_212,resnet50_tl_20250829,8,4,88,176,92.0,180.0,153.9158935546875,153.56576538085938,0.350128173828125
s_bird_212,resnet50_tl_20250829,8,4,88,180,92.0,184.0,153.9158935546875,153.61573791503906,0.3001556396484375
s_bird_212,resnet50_tl_20250829,8,4,88,184,92.0,188.0,153.9158935546875,153.6699981689453,0.2458953857421875
s_bird_212,resnet50_tl_20250829,8,4,88,188,92.0,192.0,153.9158935546875,153.77783203125,0.1380615234375
s_bird_212,resnet50_tl_20250829,8,4,88,192,92.0,196.0,153.9158935546875,153.7652587890625,0.150634765625
s_bird_212,resnet50_tl_20250829,8,4,88,196,92.0,200.0,153.9158935546875,153.7716827392578,0.1442108154296875
s_bird_212,resnet50_tl_20250829,8,4,88,200,92.0,204.0,153.9158935546875,153.90789794921875,0.00799560546875
s_bird_212,resnet50_tl_20250829,8,4,88,204,92.0,208.0,153.9158935546875,153.9139862060547,0.0019073486328125
s_bird_212,resnet50_tl_20250829,8,4,88,208,92.0,212.0,153.9158935546875,153.92919921875,-0.0133056640625
s_bird_212,resnet50_tl_20250829,8,4,88,212,92.0,216.0,153.9158935546875,153.8820037841797,0.0338897705078125
s_bird_212,resnet50_tl_20250829,8,4,88,216,92.0,220.0,153.9158935546875,153.88369750976562,0.032196044921875
s_bird_212,resnet50_tl_20250829,8,4,92,0,96.0,4.0,153.9158935546875,153.37722778320312,0.538665771484375
s_bird_212,resnet50_tl_20250829,8,4,92,4,96.0,8.0,153.9158935546875,153.68994140625,0.2259521484375
s_bird_212,resnet50_tl_20250829,8,4,92,8,96.0,12.0,153.9158935546875,153.7735137939453,0.1423797607421875
s_bird_212,resnet50_tl_20250829,8,4,92,12,96.0,16.0,153.9158935546875,153.5331268310547,0.3827667236328125
s_bird_212,resnet50_tl_20250829,8,4,92,16,96.0,20.0,153.9158935546875,153.46775817871094,0.4481353759765625
s_bird_212,resnet50_tl_20250829,8,4,92,20,96.0,24.0,153.9158935546875,153.5752716064453,0.3406219482421875
s_bird_212,resnet50_tl_20250829,8,4,92,24,96.0,28.0,153.9158935546875,153.73663330078125,0.17926025390625
s_bird_212,resnet50_tl_20250829,8,4,92,28,96.0,32.0,153.9158935546875,153.5985107421875,0.3173828125
s_bird_212,resnet50_tl_20250829,8,4,92,32,96.0,36.0,153.9158935546875,153.61488342285156,0.3010101318359375
s_bird_212,resnet50_tl_20250829,8,4,92,36,96.0,40.0,153.9158935546875,153.62139892578125,0.29449462890625
s_bird_212,resnet50_tl_20250829,8,4,92,40,96.0,44.0,153.9158935546875,153.7261505126953,0.1897430419921875
s_bird_212,resnet50_tl_20250829,8,4,92,44,96.0,48.0,153.9158935546875,153.48948669433594,0.4264068603515625
s_bird_212,resnet50_tl_20250829,8,4,92,48,96.0,52.0,153.9158935546875,153.4094696044922,0.5064239501953125
s_bird_212,resnet50_tl_20250829,8,4,92,52,96.0,56.0,153.9158935546875,153.42213439941406,0.4937591552734375
s_bird_212,resnet50_tl_20250829,8,4,92,56,96.0,60.0,153.9158935546875,153.4765625,0.4393310546875
s_bird_212,resnet50_tl_20250829,8,4,92,60,96.0,64.0,153.9158935546875,153.32069396972656,0.5951995849609375
s_bird_212,resnet50_tl_20250829,8,4,92,64,96.0,68.0,153.9158935546875,153.41851806640625,0.49737548828125
s_bird_212,resnet50_tl_20250829,8,4,92,68,96.0,72.0,153.9158935546875,153.58853149414062,0.327362060546875
s_bird_212,resnet50_tl_20250829,8,4,92,72,96.0,76.0,153.9158935546875,153.58712768554688,0.328765869140625
s_bird_212,resnet50_tl_20250829,8,4,92,76,96.0,80.0,153.9158935546875,153.51695251464844,0.3989410400390625
s_bird_212,resnet50_tl_20250829,8,4,92,80,96.0,84.0,153.9158935546875,153.57456970214844,0.3413238525390625
s_bird_212,resnet50_tl_20250829,8,4,92,84,96.0,88.0,153.9158935546875,153.75259399414062,0.163299560546875
s_bird_212,resnet50_tl_20250829,8,4,92,88,96.0,92.0,153.9158935546875,153.88880920410156,0.0270843505859375
s_bird_212,resnet50_tl_20250829,8,4,92,92,96.0,96.0,153.9158935546875,153.772705078125,0.1431884765625
s_bird_212,resnet50_tl_20250829,8,4,92,96,96.0,100.0,153.9158935546875,153.81932067871094,0.0965728759765625
s_bird_212,resnet50_tl_20250829,8,4,92,100,96.0,104.0,153.9158935546875,153.88978576660156,0.0261077880859375
s_bird_212,resnet50_tl_20250829,8,4,92,104,96.0,108.0,153.9158935546875,153.7843475341797,0.1315460205078125
s_bird_212,resnet50_tl_20250829,8,4,92,108,96.0,112.0,153.9158935546875,153.65927124023438,0.256622314453125
s_bird_212,resnet50_tl_20250829,8,4,92,112,96.0,116.0,153.9158935546875,153.60577392578125,0.31011962890625
s_bird_212,resnet50_tl_20250829,8,4,92,116,96.0,120.0,153.9158935546875,153.5205841064453,0.3953094482421875
s_bird_212,resnet50_tl_20250829,8,4,92,120,96.0,124.0,153.9158935546875,153.56637573242188,0.349517822265625
s_bird_212,resnet50_tl_20250829,8,4,92,124,96.0,128.0,153.9158935546875,153.57769775390625,0.33819580078125
s_bird_212,resnet50_tl_20250829,8,4,92,128,96.0,132.0,153.9158935546875,153.51719665527344,0.3986968994140625
s_bird_212,resnet50_tl_20250829,8,4,92,132,96.0,136.0,153.9158935546875,153.48422241210938,0.431671142578125
s_bird_212,resnet50_tl_20250829,8,4,92,136,96.0,140.0,153.9158935546875,153.5191650390625,0.396728515625
s_bird_212,resnet50_tl_20250829,8,4,92,140,96.0,144.0,153.9158935546875,153.4683074951172,0.4475860595703125
s_bird_212,resnet50_tl_20250829,8,4,92,144,96.0,148.0,153.9158935546875,153.55345153808594,0.3624420166015625
s_bird_212,resnet50_tl_20250829,8,4,92,148,96.0,152.0,153.9158935546875,153.61029052734375,0.30560302734375
s_bird_212,resnet50_tl_20250829,8,4,92,152,96.0,156.0,153.9158935546875,153.6561279296875,0.259765625
s_bird_212,resnet50_tl_20250829,8,4,92,156,96.0,160.0,153.9158935546875,153.58590698242188,0.329986572265625
s_bird_212,resnet50_tl_20250829,8,4,92,160,96.0,164.0,153.9158935546875,153.56686401367188,0.349029541015625
s_bird_212,resnet50_tl_20250829,8,4,92,164,96.0,168.0,153.9158935546875,153.60064697265625,0.31524658203125
s_bird_212,resnet50_tl_20250829,8,4,92,168,96.0,172.0,153.9158935546875,153.66427612304688,0.251617431640625
s_bird_212,resnet50_tl_20250829,8,4,92,172,96.0,176.0,153.9158935546875,153.59132385253906,0.3245697021484375
s_bird_212,resnet50_tl_20250829,8,4,92,176,96.0,180.0,153.9158935546875,153.62451171875,0.2913818359375
s_bird_212,resnet50_tl_20250829,8,4,92,180,96.0,184.0,153.9158935546875,153.63653564453125,0.27935791015625
s_bird_212,resnet50_tl_20250829,8,4,92,184,96.0,188.0,153.9158935546875,153.69483947753906,0.2210540771484375
s_bird_212,resnet50_tl_20250829,8,4,92,188,96.0,192.0,153.9158935546875,153.74745178222656,0.1684417724609375
s_bird_212,resnet50_tl_20250829,8,4,92,192,96.0,196.0,153.9158935546875,153.75042724609375,0.16546630859375
s_bird_212,resnet50_tl_20250829,8,4,92,196,96.0,200.0,153.9158935546875,153.81077575683594,0.1051177978515625
s_bird_212,resnet50_tl_20250829,8,4,92,200,96.0,204.0,153.9158935546875,153.9293975830078,-0.0135040283203125
s_bird_212,resnet50_tl_20250829,8,4,92,204,96.0,208.0,153.9158935546875,154.01004028320312,-0.094146728515625
s_bird_212,resnet50_tl_20250829,8,4,92,208,96.0,212.0,153.9158935546875,153.98109436035156,-0.0652008056640625
s_bird_212,resnet50_tl_20250829,8,4,92,212,96.0,216.0,153.9158935546875,153.91259765625,0.0032958984375
s_bird_212,resnet50_tl_20250829,8,4,92,216,96.0,220.0,153.9158935546875,153.9070587158203,0.0088348388671875
s_bird_212,resnet50_tl_20250829,8,4,96,0,100.0,4.0,153.9158935546875,153.50828552246094,0.4076080322265625
s_bird_212,resnet50_tl_20250829,8,4,96,4,100.0,8.0,153.9158935546875,153.6495361328125,0.266357421875
s_bird_212,resnet50_tl_20250829,8,4,96,8,100.0,12.0,153.9158935546875,153.79859924316406,0.1172943115234375
s_bird_212,resnet50_tl_20250829,8,4,96,12,100.0,16.0,153.9158935546875,153.53260803222656,0.3832855224609375
s_bird_212,resnet50_tl_20250829,8,4,96,16,100.0,20.0,153.9158935546875,153.50949096679688,0.406402587890625
s_bird_212,resnet50_tl_20250829,8,4,96,20,100.0,24.0,153.9158935546875,153.60865783691406,0.3072357177734375
s_bird_212,resnet50_tl_20250829,8,4,96,24,100.0,28.0,153.9158935546875,153.71058654785156,0.2053070068359375
s_bird_212,resnet50_tl_20250829,8,4,96,28,100.0,32.0,153.9158935546875,153.63214111328125,0.28375244140625
s_bird_212,resnet50_tl_20250829,8,4,96,32,100.0,36.0,153.9158935546875,153.80377197265625,0.11212158203125
s_bird_212,resnet50_tl_20250829,8,4,96,36,100.0,40.0,153.9158935546875,153.70005798339844,0.2158355712890625
s_bird_212,resnet50_tl_20250829,8,4,96,40,100.0,44.0,153.9158935546875,153.75465393066406,0.1612396240234375
s_bird_212,resnet50_tl_20250829,8,4,96,44,100.0,48.0,153.9158935546875,153.82821655273438,0.087677001953125
s_bird_212,resnet50_tl_20250829,8,4,96,48,100.0,52.0,153.9158935546875,153.7192840576172,0.1966094970703125
s_bird_212,resnet50_tl_20250829,8,4,96,52,100.0,56.0,153.9158935546875,153.65200805664062,0.263885498046875
s_bird_212,resnet50_tl_20250829,8,4,96,56,100.0,60.0,153.9158935546875,153.6406707763672,0.2752227783203125
s_bird_212,resnet50_tl_20250829,8,4,96,60,100.0,64.0,153.9158935546875,153.61102294921875,0.30487060546875
s_bird_212,resnet50_tl_20250829,8,4,96,64,100.0,68.0,153.9158935546875,153.53749084472656,0.3784027099609375
s_bird_212,resnet50_tl_20250829,8,4,96,68,100.0,72.0,153.9158935546875,153.63250732421875,0.28338623046875
s_bird_212,resnet50_tl_20250829,8,4,96,72,100.0,76.0,153.9158935546875,153.58572387695312,0.330169677734375
s_bird_212,resnet50_tl_20250829,8,4,96,76,100.0,80.0,153.9158935546875,153.61624145507812,0.299652099609375
s_bird_212,resnet50_tl_20250829,8,4,96,80,100.0,84.0,153.9158935546875,153.75221252441406,0.1636810302734375
s_bird_212,resnet50_tl_20250829,8,4,96,84,100.0,88.0,153.9158935546875,153.7936553955078,0.1222381591796875
s_bird_212,resnet50_tl_20250829,8,4,96,88,100.0,92.0,153.9158935546875,153.9052276611328,0.0106658935546875
s_bird_212,resnet50_tl_20250829,8,4,96,92,100.0,96.0,153.9158935546875,153.77561950683594,0.1402740478515625
s_bird_212,resnet50_tl_20250829,8,4,96,96,100.0,100.0,153.9158935546875,153.78233337402344,0.1335601806640625
s_bird_212,resnet50_tl_20250829,8,4,96,100,100.0,104.0,153.9158935546875,153.8556365966797,0.0602569580078125
s_bird_212,resnet50_tl_20250829,8,4,96,104,100.0,108.0,153.9158935546875,153.708740234375,0.2071533203125
s_bird_212,resnet50_tl_20250829,8,4,96,108,100.0,112.0,153.9158935546875,153.7493896484375,0.16650390625
s_bird_212,resnet50_tl_20250829,8,4,96,112,100.0,116.0,153.9158935546875,153.57061767578125,0.34527587890625
s_bird_212,resnet50_tl_20250829,8,4,96,116,100.0,120.0,153.9158935546875,153.54127502441406,0.3746185302734375
s_bird_212,resnet50_tl_20250829,8,4,96,120,100.0,124.0,153.9158935546875,153.68862915039062,0.227264404296875
s_bird_212,resnet50_tl_20250829,8,4,96,124,100.0,128.0,153.9158935546875,153.6207733154297,0.2951202392578125
s_bird_212,resnet50_tl_20250829,8,4,96,128,100.0,132.0,153.9158935546875,153.6897430419922,0.2261505126953125
s_bird_212,resnet50_tl_20250829,8,4,96,132,100.0,136.0,153.9158935546875,153.58372497558594,0.3321685791015625
s_bird_212,resnet50_tl_20250829,8,4,96,136,100.0,140.0,153.9158935546875,153.63096618652344,0.2849273681640625
s_bird_212,resnet50_tl_20250829,8,4,96,140,100.0,144.0,153.9158935546875,153.5354766845703,0.3804168701171875
s_bird_212,resnet50_tl_20250829,8,4,96,144,100.0,148.0,153.9158935546875,153.62109375,0.2947998046875
s_bird_212,resnet50_tl_20250829,8,4,96,148,100.0,152.0,153.9158935546875,153.64654541015625,0.26934814453125
s_bird_212,resnet50_tl_20250829,8,4,96,152,100.0,156.0,153.9158935546875,153.68637084960938,0.229522705078125
s_bird_212,resnet50_tl_20250829,8,4,96,156,100.0,160.0,153.9158935546875,153.67201232910156,0.2438812255859375
s_bird_212,resnet50_tl_20250829,8,4,96,160,100.0,164.0,153.9158935546875,153.66603088378906,0.2498626708984375
s_bird_212,resnet50_tl_20250829,8,4,96,164,100.0,168.0,153.9158935546875,153.7491455078125,0.166748046875
s_bird_212,resnet50_tl_20250829,8,4,96,168,100.0,172.0,153.9158935546875,153.8086395263672,0.1072540283203125
s_bird_212,resnet50_tl_20250829,8,4,96,172,100.0,176.0,153.9158935546875,153.77622985839844,0.1396636962890625
s_bird_212,resnet50_tl_20250829,8,4,96,176,100.0,180.0,153.9158935546875,153.75791931152344,0.1579742431640625
s_bird_212,resnet50_tl_20250829,8,4,96,180,100.0,184.0,153.9158935546875,153.7450714111328,0.1708221435546875
s_bird_212,resnet50_tl_20250829,8,4,96,184,100.0,188.0,153.9158935546875,153.82327270507812,0.092620849609375
s_bird_212,resnet50_tl_20250829,8,4,96,188,100.0,192.0,153.9158935546875,153.8145751953125,0.101318359375
s_bird_212,resnet50_tl_20250829,8,4,96,192,100.0,196.0,153.9158935546875,153.7710723876953,0.1448211669921875
s_bird_212,resnet50_tl_20250829,8,4,96,196,100.0,200.0,153.9158935546875,153.8518829345703,0.0640106201171875
s_bird_212,resnet50_tl_20250829,8,4,96,200,100.0,204.0,153.9158935546875,153.93594360351562,-0.020050048828125
s_bird_212,resnet50_tl_20250829,8,4,96,204,100.0,208.0,153.9158935546875,153.99473571777344,-0.0788421630859375
s_bird_212,resnet50_tl_20250829,8,4,96,208,100.0,212.0,153.9158935546875,153.9512176513672,-0.0353240966796875
s_bird_212,resnet50_tl_20250829,8,4,96,212,100.0,216.0,153.9158935546875,153.9140625,0.0018310546875
s_bird_212,resnet50_tl_20250829,8,4,96,216,100.0,220.0,153.9158935546875,153.90597534179688,0.009918212890625
s_bird_212,resnet50_tl_20250829,8,4,100,0,104.0,4.0,153.9158935546875,153.7831573486328,0.1327362060546875
s_bird_212,resnet50_tl_20250829,8,4,100,4,104.0,8.0,153.9158935546875,153.76307678222656,0.1528167724609375
s_bird_212,resnet50_tl_20250829,8,4,100,8,104.0,12.0,153.9158935546875,153.76304626464844,0.1528472900390625
s_bird_212,resnet50_tl_20250829,8,4,100,12,104.0,16.0,153.9158935546875,153.6521759033203,0.2637176513671875
s_bird_212,resnet50_tl_20250829,8,4,100,16,104.0,20.0,153.9158935546875,153.6494903564453,0.2664031982421875
s_bird_212,resnet50_tl_20250829,8,4,100,20,104.0,24.0,153.9158935546875,153.76466369628906,0.1512298583984375
s_bird_212,resnet50_tl_20250829,8,4,100,24,104.0,28.0,153.9158935546875,154.0077362060547,-0.0918426513671875
s_bird_212,resnet50_tl_20250829,8,4,100,28,104.0,32.0,153.9158935546875,154.211181640625,-0.2952880859375
s_bird_212,resnet50_tl_20250829,8,4,100,32,104.0,36.0,153.9158935546875,153.8541717529297,0.0617218017578125
s_bird_212,resnet50_tl_20250829,8,4,100,36,104.0,40.0,153.9158935546875,153.8553009033203,0.0605926513671875
s_bird_212,resnet50_tl_20250829,8,4,100,40,104.0,44.0,153.9158935546875,153.86703491210938,0.048858642578125
s_bird_212,resnet50_tl_20250829,8,4,100,44,104.0,48.0,153.9158935546875,153.79367065429688,0.122222900390625
s_bird_212,resnet50_tl_20250829,8,4,100,48,104.0,52.0,153.9158935546875,153.690185546875,0.2257080078125
s_bird_212,resnet50_tl_20250829,8,4,100,52,104.0,56.0,153.9158935546875,153.69290161132812,0.222991943359375
s_bird_212,resnet50_tl_20250829,8,4,100,56,104.0,60.0,153.9158935546875,153.67568969726562,0.240203857421875
s_bird_212,resnet50_tl_20250829,8,4,100,60,104.0,64.0,153.9158935546875,153.7054443359375,0.21044921875
s_bird_212,resnet50_tl_20250829,8,4,100,64,104.0,68.0,153.9158935546875,153.97216796875,-0.0562744140625
s_bird_212,resnet50_tl_20250829,8,4,100,68,104.0,72.0,153.9158935546875,153.9002227783203,0.0156707763671875
s_bird_212,resnet50_tl_20250829,8,4,100,72,104.0,76.0,153.9158935546875,153.81808471679688,0.097808837890625
s_bird_212,resnet50_tl_20250829,8,4,100,76,104.0,80.0,153.9158935546875,153.89198303222656,0.0239105224609375
s_bird_212,resnet50_tl_20250829,8,4,100,80,104.0,84.0,153.9158935546875,153.7261962890625,0.189697265625
s_bird_212,resnet50_tl_20250829,8,4,100,84,104.0,88.0,153.9158935546875,153.90269470214844,0.0131988525390625
s_bird_212,resnet50_tl_20250829,8,4,100,88,104.0,92.0,153.9158935546875,153.92721557617188,-0.011322021484375
s_bird_212,resnet50_tl_20250829,8,4,100,92,104.0,96.0,153.9158935546875,153.85848999023438,0.057403564453125
s_bird_212,resnet50_tl_20250829,8,4,100,96,104.0,100.0,153.9158935546875,153.9268798828125,-0.010986328125
s_bird_212,resnet50_tl_20250829,8,4,100,100,104.0,104.0,153.9158935546875,153.7167510986328,0.1991424560546875
s_bird_212,resnet50_tl_20250829,8,4,100,104,104.0,108.0,153.9158935546875,153.6657257080078,0.2501678466796875
s_bird_212,resnet50_tl_20250829,8,4,100,108,104.0,112.0,153.9158935546875,153.70526123046875,0.21063232421875
s_bird_212,resnet50_tl_20250829,8,4,100,112,104.0,116.0,153.9158935546875,153.54931640625,0.3665771484375
s_bird_212,resnet50_tl_20250829,8,4,100,116,104.0,120.0,153.9158935546875,153.6152801513672,0.3006134033203125
s_bird_212,resnet50_tl_20250829,8,4,100,120,104.0,124.0,153.9158935546875,153.67861938476562,0.237274169921875
s_bird_212,resnet50_tl_20250829,8,4,100,124,104.0,128.0,153.9158935546875,153.72189331054688,0.194000244140625
s_bird_212,resnet50_tl_20250829,8,4,100,128,104.0,132.0,153.9158935546875,153.7013397216797,0.2145538330078125
s_bird_212,resnet50_tl_20250829,8,4,100,132,104.0,136.0,153.9158935546875,153.68565368652344,0.2302398681640625
s_bird_212,resnet50_tl_20250829,8,4,100,136,104.0,140.0,153.9158935546875,153.6724395751953,0.2434539794921875
s_bird_212,resnet50_tl_20250829,8,4,100,140,104.0,144.0,153.9158935546875,153.6876678466797,0.2282257080078125
s_bird_212,resnet50_tl_20250829,8,4,100,144,104.0,148.0,153.9158935546875,153.6685333251953,0.2473602294921875
s_bird_212,resnet50_tl_20250829,8,4,100,148,104.0,152.0,153.9158935546875,153.6355743408203,0.2803192138671875
s_bird_212,resnet50_tl_20250829,8,4,100,152,104.0,156.0,153.9158935546875,153.55674743652344,0.3591461181640625
s_bird_212,resnet50_tl_20250829,8,4,100,156,104.0,160.0,153.9158935546875,153.58160400390625,0.33428955078125
s_bird_212,resnet50_tl_20250829,8,4,100,160,104.0,164.0,153.9158935546875,153.53392028808594,0.3819732666015625
s_bird_212,resnet50_tl_20250829,8,4,100,164,104.0,168.0,153.9158935546875,153.61773681640625,0.29815673828125
s_bird_212,resnet50_tl_20250829,8,4,100,168,104.0,172.0,153.9158935546875,153.70956420898438,0.206329345703125
s_bird_212,resnet50_tl_20250829,8,4,100,172,104.0,176.0,153.9158935546875,153.7310028076172,0.1848907470703125
s_bird_212,resnet50_tl_20250829,8,4,100,176,104.0,180.0,153.9158935546875,153.66854858398438,0.247344970703125
s_bird_212,resnet50_tl_20250829,8,4,100,180,104.0,184.0,153.9158935546875,153.7866973876953,0.1291961669921875
s_bird_212,resnet50_tl_20250829,8,4,100,184,104.0,188.0,153.9158935546875,153.76724243164062,0.148651123046875
s_bird_212,resnet50_tl_20250829,8,4,100,188,104.0,192.0,153.9158935546875,153.77772521972656,0.1381683349609375
s_bird_212,resnet50_tl_20250829,8,4,100,192,104.0,196.0,153.9158935546875,153.83258056640625,0.08331298828125
s_bird_212,resnet50_tl_20250829,8,4,100,196,104.0,200.0,153.9158935546875,153.87118530273438,0.044708251953125
s_bird_212,resnet50_tl_20250829,8,4,100,200,104.0,204.0,153.9158935546875,153.96685791015625,-0.05096435546875
s_bird_212,resnet50_tl_20250829,8,4,100,204,104.0,208.0,153.9158935546875,153.941162109375,-0.0252685546875
s_bird_212,resnet50_tl_20250829,8,4,100,208,104.0,212.0,153.9158935546875,153.92730712890625,-0.01141357421875
s_bird_212,resnet50_tl_20250829,8,4,100,212,104.0,216.0,153.9158935546875,153.9346923828125,-0.018798828125
s_bird_212,resnet50_tl_20250829,8,4,100,216,104.0,220.0,153.9158935546875,153.89804077148438,0.017852783203125
s_bird_212,resnet50_tl_20250829,8,4,104,0,108.0,4.0,153.9158935546875,153.81353759765625,0.10235595703125
s_bird_212,resnet50_tl_20250829,8,4,104,4,108.0,8.0,153.9158935546875,153.71258544921875,0.20330810546875
s_bird_212,resnet50_tl_20250829,8,4,104,8,108.0,12.0,153.9158935546875,153.75906372070312,0.156829833984375
s_bird_212,resnet50_tl_20250829,8,4,104,12,108.0,16.0,153.9158935546875,153.74896240234375,0.16693115234375
s_bird_212,resnet50_tl_20250829,8,4,104,16,108.0,20.0,153.9158935546875,153.81283569335938,0.103057861328125
s_bird_212,resnet50_tl_20250829,8,4,104,20,108.0,24.0,153.9158935546875,153.8021697998047,0.1137237548828125
s_bird_212,resnet50_tl_20250829,8,4,104,24,108.0,28.0,153.9158935546875,153.88119506835938,0.034698486328125
s_bird_212,resnet50_tl_20250829,8,4,104,28,108.0,32.0,153.9158935546875,153.86190795898438,0.053985595703125
s_bird_212,resnet50_tl_20250829,8,4,104,32,108.0,36.0,153.9158935546875,153.8080596923828,0.1078338623046875
s_bird_212,resnet50_tl_20250829,8,4,104,36,108.0,40.0,153.9158935546875,153.81898498535156,0.0969085693359375
s_bird_212,resnet50_tl_20250829,8,4,104,40,108.0,44.0,153.9158935546875,153.8085479736328,0.1073455810546875
s_bird_212,resnet50_tl_20250829,8,4,104,44,108.0,48.0,153.9158935546875,153.76524353027344,0.1506500244140625
s_bird_212,resnet50_tl_20250829,8,4,104,48,108.0,52.0,153.9158935546875,153.74771118164062,0.168182373046875
s_bird_212,resnet50_tl_20250829,8,4,104,52,108.0,56.0,153.9158935546875,153.65921020507812,0.256683349609375
s_bird_212,resnet50_tl_20250829,8,4,104,56,108.0,60.0,153.9158935546875,153.71800231933594,0.1978912353515625
s_bird_212,resnet50_tl_20250829,8,4,104,60,108.0,64.0,153.9158935546875,153.73236083984375,0.18353271484375
s_bird_212,resnet50_tl_20250829,8,4,104,64,108.0,68.0,153.9158935546875,153.73904418945312,0.176849365234375
s_bird_212,resnet50_tl_20250829,8,4,104,68,108.0,72.0,153.9158935546875,153.98468017578125,-0.06878662109375
s_bird_212,resnet50_tl_20250829,8,4,104,72,108.0,76.0,153.9158935546875,153.98501586914062,-0.069122314453125
s_bird_212,resnet50_tl_20250829,8,4,104,76,108.0,80.0,153.9158935546875,153.86032104492188,0.055572509765625
s_bird_212,resnet50_tl_20250829,8,4,104,80,108.0,84.0,153.9158935546875,153.6515655517578,0.2643280029296875
s_bird_212,resnet50_tl_20250829,8,4,104,84,108.0,88.0,153.9158935546875,153.68270874023438,0.233184814453125
s_bird_212,resnet50_tl_20250829,8,4,104,88,108.0,92.0,153.9158935546875,153.82098388671875,0.09490966796875
s_bird_212,resnet50_tl_20250829,8,4,104,92,108.0,96.0,153.9158935546875,153.9273681640625,-0.011474609375
s_bird_212,resnet50_tl_20250829,8,4,104,96,108.0,100.0,153.9158935546875,153.73538208007812,0.180511474609375
s_bird_212,resnet50_tl_20250829,8,4,104,100,108.0,104.0,153.9158935546875,153.80068969726562,0.115203857421875
s_bird_212,resnet50_tl_20250829,8,4,104,104,108.0,108.0,153.9158935546875,153.87326049804688,0.042633056640625
s_bird_212,resnet50_tl_20250829,8,4,104,108,108.0,112.0,153.9158935546875,153.77804565429688,0.137847900390625
s_bird_212,resnet50_tl_20250829,8,4,104,112,108.0,116.0,153.9158935546875,153.7279815673828,0.1879119873046875
s_bird_212,resnet50_tl_20250829,8,4,104,116,108.0,120.0,153.9158935546875,153.69476318359375,0.22113037109375
s_bird_212,resnet50_tl_20250829,8,4,104,120,108.0,124.0,153.9158935546875,153.7646942138672,0.1511993408203125
s_bird_212,resnet50_tl_20250829,8,4,104,124,108.0,128.0,153.9158935546875,153.80038452148438,0.115509033203125
s_bird_212,resnet50_tl_20250829,8,4,104,128,108.0,132.0,153.9158935546875,153.8254852294922,0.0904083251953125
s_bird_212,resnet50_tl_20250829,8,4,104,132,108.0,136.0,153.9158935546875,153.73675537109375,0.17913818359375
s_bird_212,resnet50_tl_20250829,8,4,104,136,108.0,140.0,153.9158935546875,153.7630615234375,0.15283203125
s_bird_212,resnet50_tl_20250829,8,4,104,140,108.0,144.0,153.9158935546875,153.78993225097656,0.1259613037109375
s_bird_212,resnet50_tl_20250829,8,4,104,144,108.0,148.0,153.9158935546875,153.80308532714844,0.1128082275390625
s_bird_212,resnet50_tl_20250829,8,4,104,148,108.0,152.0,153.9158935546875,153.7471923828125,0.168701171875
s_bird_212,resnet50_tl_20250829,8,4,104,152,108.0,156.0,153.9158935546875,153.74423217773438,0.171661376953125
s_bird_212,resnet50_tl_20250829,8,4,104,156,108.0,160.0,153.9158935546875,153.79684448242188,0.119049072265625
s_bird_212,resnet50_tl_20250829,8,4,104,160,108.0,164.0,153.9158935546875,153.71063232421875,0.20526123046875
s_bird_212,resnet50_tl_20250829,8,4,104,164,108.0,168.0,153.9158935546875,153.63565063476562,0.280242919921875
s_bird_212,resnet50_tl_20250829,8,4,104,168,108.0,172.0,153.9158935546875,153.64556884765625,0.27032470703125
s_bird_212,resnet50_tl_20250829,8,4,104,172,108.0,176.0,153.9158935546875,153.700927734375,0.2149658203125
s_bird_212,resnet50_tl_20250829,8,4,104,176,108.0,180.0,153.9158935546875,153.61383056640625,0.30206298828125
s_bird_212,resnet50_tl_20250829,8,4,104,180,108.0,184.0,153.9158935546875,153.64891052246094,0.2669830322265625
s_bird_212,resnet50_tl_20250829,8,4,104,184,108.0,188.0,153.9158935546875,153.67552185058594,0.2403717041015625
s_bird_212,resnet50_tl_20250829,8,4,104,188,108.0,192.0,153.9158935546875,153.7642364501953,0.1516571044921875
s_bird_212,resnet50_tl_20250829,8,4,104,192,108.0,196.0,153.9158935546875,153.77166748046875,0.14422607421875
s_bird_212,resnet50_tl_20250829,8,4,104,196,108.0,200.0,153.9158935546875,153.8638153076172,0.0520782470703125
s_bird_212,resnet50_tl_20250829,8,4,104,200,108.0,204.0,153.9158935546875,153.93896484375,-0.0230712890625
s_bird_212,resnet50_tl_20250829,8,4,104,204,108.0,208.0,153.9158935546875,153.95079040527344,-0.0348968505859375
s_bird_212,resnet50_tl_20250829,8,4,104,208,108.0,212.0,153.9158935546875,153.91119384765625,0.00469970703125
s_bird_212,resnet50_tl_20250829,8,4,104,212,108.0,216.0,153.9158935546875,153.89845275878906,0.0174407958984375
s_bird_212,resnet50_tl_20250829,8,4,104,216,108.0,220.0,153.9158935546875,153.9001007080078,0.0157928466796875
s_bird_212,resnet50_tl_20250829,8,4,108,0,112.0,4.0,153.9158935546875,153.62330627441406,0.2925872802734375
s_bird_212,resnet50_tl_20250829,8,4,108,4,112.0,8.0,153.9158935546875,153.6637725830078,0.2521209716796875
s_bird_212,resnet50_tl_20250829,8,4,108,8,112.0,12.0,153.9158935546875,153.73878479003906,0.1771087646484375
s_bird_212,resnet50_tl_20250829,8,4,108,12,112.0,16.0,153.9158935546875,154.0522918701172,-0.1363983154296875
s_bird_212,resnet50_tl_20250829,8,4,108,16,112.0,20.0,153.9158935546875,154.0681915283203,-0.1522979736328125
s_bird_212,resnet50_tl_20250829,8,4,108,20,112.0,24.0,153.9158935546875,153.91346740722656,0.0024261474609375
s_bird_212,resnet50_tl_20250829,8,4,108,24,112.0,28.0,153.9158935546875,153.84315490722656,0.0727386474609375
s_bird_212,resnet50_tl_20250829,8,4,108,28,112.0,32.0,153.9158935546875,153.91384887695312,0.002044677734375
s_bird_212,resnet50_tl_20250829,8,4,108,32,112.0,36.0,153.9158935546875,153.85804748535156,0.0578460693359375
s_bird_212,resnet50_tl_20250829,8,4,108,36,112.0,40.0,153.9158935546875,153.70164489746094,0.2142486572265625
s_bird_212,resnet50_tl_20250829,8,4,108,40,112.0,44.0,153.9158935546875,153.75631713867188,0.159576416015625
s_bird_212,resnet50_tl_20250829,8,4,108,44,112.0,48.0,153.9158935546875,153.81271362304688,0.103179931640625
s_bird_212,resnet50_tl_20250829,8,4,108,48,112.0,52.0,153.9158935546875,153.78900146484375,0.12689208984375
s_bird_212,resnet50_tl_20250829,8,4,108,52,112.0,56.0,153.9158935546875,153.7277069091797,0.1881866455078125
s_bird_212,resnet50_tl_20250829,8,4,108,56,112.0,60.0,153.9158935546875,153.72879028320312,0.187103271484375
s_bird_212,resnet50_tl_20250829,8,4,108,60,112.0,64.0,153.9158935546875,153.7681884765625,0.147705078125
s_bird_212,resnet50_tl_20250829,8,4,108,64,112.0,68.0,153.9158935546875,153.80743408203125,0.10845947265625
s_bird_212,resnet50_tl_20250829,8,4,108,68,112.0,72.0,153.9158935546875,153.8985595703125,0.017333984375
s_bird_212,resnet50_tl_20250829,8,4,108,72,112.0,76.0,153.9158935546875,153.9226837158203,-0.0067901611328125
s_bird_212,resnet50_tl_20250829,8,4,108,76,112.0,80.0,153.9158935546875,153.8499755859375,0.06591796875
s_bird_212,resnet50_tl_20250829,8,4,108,80,112.0,84.0,153.9158935546875,153.84327697753906,0.0726165771484375
s_bird_212,resnet50_tl_20250829,8,4,108,84,112.0,88.0,153.9158935546875,153.82728576660156,0.0886077880859375
s_bird_212,resnet50_tl_20250829,8,4,108,88,112.0,92.0,153.9158935546875,153.9392547607422,-0.0233612060546875
s_bird_212,resnet50_tl_20250829,8,4,108,92,112.0,96.0,153.9158935546875,153.95187377929688,-0.035980224609375
s_bird_212,resnet50_tl_20250829,8,4,108,96,112.0,100.0,153.9158935546875,153.9341278076172,-0.0182342529296875
s_bird_212,resnet50_tl_20250829,8,4,108,100,112.0,104.0,153.9158935546875,153.79165649414062,0.124237060546875
s_bird_212,resnet50_tl_20250829,8,4,108,104,112.0,108.0,153.9158935546875,153.841796875,0.0740966796875
s_bird_212,resnet50_tl_20250829,8,4,108,108,112.0,112.0,153.9158935546875,153.82028198242188,0.095611572265625
s_bird_212,resnet50_tl_20250829,8,4,108,112,112.0,116.0,153.9158935546875,153.80178833007812,0.114105224609375
s_bird_212,resnet50_tl_20250829,8,4,108,116,112.0,120.0,153.9158935546875,153.76673889160156,0.1491546630859375
s_bird_212,resnet50_tl_20250829,8,4,108,120,112.0,124.0,153.9158935546875,153.8240509033203,0.0918426513671875
s_bird_212,resnet50_tl_20250829,8,4,108,124,112.0,128.0,153.9158935546875,153.86456298828125,0.05133056640625
s_bird_212,resnet50_tl_20250829,8,4,108,128,112.0,132.0,153.9158935546875,153.85983276367188,0.056060791015625
s_bird_212,resnet50_tl_20250829,8,4,108,132,112.0,136.0,153.9158935546875,153.76231384277344,0.1535797119140625
s_bird_212,resnet50_tl_20250829,8,4,108,136,112.0,140.0,153.9158935546875,153.82875061035156,0.0871429443359375
s_bird_212,resnet50_tl_20250829,8,4,108,140,112.0,144.0,153.9158935546875,153.88609313964844,0.0298004150390625
s_bird_212,resnet50_tl_20250829,8,4,108,144,112.0,148.0,153.9158935546875,153.8232421875,0.0926513671875
s_bird_212,resnet50_tl_20250829,8,4,108,148,112.0,152.0,153.9158935546875,153.81710815429688,0.098785400390625
s_bird_212,resnet50_tl_20250829,8,4,108,152,112.0,156.0,153.9158935546875,153.9047393798828,0.0111541748046875
s_bird_212,resnet50_tl_20250829,8,4,108,156,112.0,160.0,153.9158935546875,153.84820556640625,0.06768798828125
s_bird_212,resnet50_tl_20250829,8,4,108,160,112.0,164.0,153.9158935546875,153.71432495117188,0.201568603515625
s_bird_212,resnet50_tl_20250829,8,4,108,164,112.0,168.0,153.9158935546875,153.60992431640625,0.30596923828125
s_bird_212,resnet50_tl_20250829,8,4,108,168,112.0,172.0,153.9158935546875,153.46717834472656,0.4487152099609375
s_bird_212,resnet50_tl_20250829,8,4,108,172,112.0,176.0,153.9158935546875,153.43838500976562,0.477508544921875
s_bird_212,resnet50_tl_20250829,8,4,108,176,112.0,180.0,153.9158935546875,153.50428771972656,0.4116058349609375
s_bird_212,resnet50_tl_20250829,8,4,108,180,112.0,184.0,153.9158935546875,153.67494201660156,0.2409515380859375
s_bird_212,resnet50_tl_20250829,8,4,108,184,112.0,188.0,153.9158935546875,153.72540283203125,0.19049072265625
s_bird_212,resnet50_tl_20250829,8,4,108,188,112.0,192.0,153.9158935546875,153.8331298828125,0.082763671875
s_bird_212,resnet50_tl_20250829,8,4,108,192,112.0,196.0,153.9158935546875,153.86473083496094,0.0511627197265625
s_bird_212,resnet50_tl_20250829,8,4,108,196,112.0,200.0,153.9158935546875,153.9024658203125,0.013427734375
s_bird_212,resnet50_tl_20250829,8,4,108,200,112.0,204.0,153.9158935546875,153.9256591796875,-0.009765625
s_bird_212,resnet50_tl_20250829,8,4,108,204,112.0,208.0,153.9158935546875,153.98109436035156,-0.0652008056640625
s_bird_212,resnet50_tl_20250829,8,4,108,208,112.0,212.0,153.9158935546875,153.92221069335938,-0.006317138671875
s_bird_212,resnet50_tl_20250829,8,4,108,212,112.0,216.0,153.9158935546875,153.88656616210938,0.029327392578125
s_bird_212,resnet50_tl_20250829,8,4,108,216,112.0,220.0,153.9158935546875,153.89805603027344,0.0178375244140625
s_bird_212,resnet50_tl_20250829,8,4,112,0,116.0,4.0,153.9158935546875,153.62579345703125,0.29010009765625
s_bird_212,resnet50_tl_20250829,8,4,112,4,116.0,8.0,153.9158935546875,153.72239685058594,0.1934967041015625
s_bird_212,resnet50_tl_20250829,8,4,112,8,116.0,12.0,153.9158935546875,153.89720153808594,0.0186920166015625
s_bird_212,resnet50_tl_20250829,8,4,112,12,116.0,16.0,153.9158935546875,154.10552978515625,-0.18963623046875
s_bird_212,resnet50_tl_20250829,8,4,112,16,116.0,20.0,153.9158935546875,153.94638061523438,-0.030487060546875
s_bird_212,resnet50_tl_20250829,8,4,112,20,116.0,24.0,153.9158935546875,153.8025665283203,0.1133270263671875
s_bird_212,resnet50_tl_20250829,8,4,112,24,116.0,28.0,153.9158935546875,153.77882385253906,0.1370697021484375
s_bird_212,resnet50_tl_20250829,8,4,112,28,116.0,32.0,153.9158935546875,153.8717498779297,0.0441436767578125
s_bird_212,resnet50_tl_20250829,8,4,112,32,116.0,36.0,153.9158935546875,153.8229217529297,0.0929718017578125
s_bird_212,resnet50_tl_20250829,8,4,112,36,116.0,40.0,153.9158935546875,153.63864135742188,0.277252197265625
s_bird_212,resnet50_tl_20250829,8,4,112,40,116.0,44.0,153.9158935546875,153.78807067871094,0.1278228759765625
s_bird_212,resnet50_tl_20250829,8,4,112,44,116.0,48.0,153.9158935546875,153.82704162597656,0.0888519287109375
s_bird_212,resnet50_tl_20250829,8,4,112,48,116.0,52.0,153.9158935546875,153.88165283203125,0.03424072265625
s_bird_212,resnet50_tl_20250829,8,4,112,52,116.0,56.0,153.9158935546875,153.79782104492188,0.118072509765625
s_bird_212,resnet50_tl_20250829,8,4,112,56,116.0,60.0,153.9158935546875,153.798583984375,0.1173095703125
s_bird_212,resnet50_tl_20250829,8,4,112,60,116.0,64.0,153.9158935546875,153.84693908691406,0.0689544677734375
s_bird_212,resnet50_tl_20250829,8,4,112,64,116.0,68.0,153.9158935546875,153.83470153808594,0.0811920166015625
s_bird_212,resnet50_tl_20250829,8,4,112,68,116.0,72.0,153.9158935546875,153.84542846679688,0.070465087890625
s_bird_212,resnet50_tl_20250829,8,4,112,72,116.0,76.0,153.9158935546875,153.85858154296875,0.05731201171875
s_bird_212,resnet50_tl_20250829,8,4,112,76,116.0,80.0,153.9158935546875,153.86033630371094,0.0555572509765625
s_bird_212,resnet50_tl_20250829,8,4,112,80,116.0,84.0,153.9158935546875,153.84788513183594,0.0680084228515625
s_bird_212,resnet50_tl_20250829,8,4,112,84,116.0,88.0,153.9158935546875,153.7949676513672,0.1209259033203125
s_bird_212,resnet50_tl_20250829,8,4,112,88,116.0,92.0,153.9158935546875,153.87271118164062,0.043182373046875
s_bird_212,resnet50_tl_20250829,8,4,112,92,116.0,96.0,153.9158935546875,153.90882873535156,0.0070648193359375
s_bird_212,resnet50_tl_20250829,8,4,112,96,116.0,100.0,153.9158935546875,153.9083709716797,0.0075225830078125
s_bird_212,resnet50_tl_20250829,8,4,112,100,116.0,104.0,153.9158935546875,153.807861328125,0.1080322265625
s_bird_212,resnet50_tl_20250829,8,4,112,104,116.0,108.0,153.9158935546875,153.86474609375,0.0511474609375
s_bird_212,resnet50_tl_20250829,8,4,112,108,116.0,112.0,153.9158935546875,153.89877319335938,0.017120361328125
s_bird_212,resnet50_tl_20250829,8,4,112,112,116.0,116.0,153.9158935546875,153.91293334960938,0.002960205078125
s_bird_212,resnet50_tl_20250829,8,4,112,116,116.0,120.0,153.9158935546875,153.88999938964844,0.0258941650390625
s_bird_212,resnet50_tl_20250829,8,4,112,120,116.0,124.0,153.9158935546875,153.92642211914062,-0.010528564453125
s_bird_212,resnet50_tl_20250829,8,4,112,124,116.0,128.0,153.9158935546875,153.8905792236328,0.0253143310546875
s_bird_212,resnet50_tl_20250829,8,4,112,128,116.0,132.0,153.9158935546875,153.93280029296875,-0.01690673828125
s_bird_212,resnet50_tl_20250829,8,4,112,132,116.0,136.0,153.9158935546875,153.8302764892578,0.0856170654296875
s_bird_212,resnet50_tl_20250829,8,4,112,136,116.0,140.0,153.9158935546875,153.91175842285156,0.0041351318359375
s_bird_212,resnet50_tl_20250829,8,4,112,140,116.0,144.0,153.9158935546875,153.8857421875,0.0301513671875
s_bird_212,resnet50_tl_20250829,8,4,112,144,116.0,148.0,153.9158935546875,153.8409881591797,0.0749053955078125
s_bird_212,resnet50_tl_20250829,8,4,112,148,116.0,152.0,153.9158935546875,153.8811492919922,0.0347442626953125
s_bird_212,resnet50_tl_20250829,8,4,112,152,116.0,156.0,153.9158935546875,153.9911346435547,-0.0752410888671875
s_bird_212,resnet50_tl_20250829,8,4,112,156,116.0,160.0,153.9158935546875,154.059326171875,-0.1434326171875
s_bird_212,resnet50_tl_20250829,8,4,112,160,116.0,164.0,153.9158935546875,153.636962890625,0.2789306640625
s_bird_212,resnet50_tl_20250829,8,4,112,164,116.0,168.0,153.9158935546875,153.49676513671875,0.41912841796875
s_bird_212,resnet50_tl_20250829,8,4,112,168,116.0,172.0,153.9158935546875,153.42515563964844,0.4907379150390625
s_bird_212,resnet50_tl_20250829,8,4,112,172,116.0,176.0,153.9158935546875,153.3754425048828,0.5404510498046875
s_bird_212,resnet50_tl_20250829,8,4,112,176,116.0,180.0,153.9158935546875,153.35806274414062,0.557830810546875
s_bird_212,resnet50_tl_20250829,8,4,112,180,116.0,184.0,153.9158935546875,153.67088317871094,0.2450103759765625
s_bird_212,resnet50_tl_20250829,8,4,112,184,116.0,188.0,153.9158935546875,153.8073272705078,0.1085662841796875
s_bird_212,resnet50_tl_20250829,8,4,112,188,116.0,192.0,153.9158935546875,153.8321075439453,0.0837860107421875
s_bird_212,resnet50_tl_20250829,8,4,112,192,116.0,196.0,153.9158935546875,153.86485290527344,0.0510406494140625
s_bird_212,resnet50_tl_20250829,8,4,112,196,116.0,200.0,153.9158935546875,153.85931396484375,0.05657958984375
s_bird_212,resnet50_tl_20250829,8,4,112,200,116.0,204.0,153.9158935546875,153.90907287597656,0.0068206787109375
s_bird_212,resnet50_tl_20250829,8,4,112,204,116.0,208.0,153.9158935546875,153.89816284179688,0.017730712890625
s_bird_212,resnet50_tl_20250829,8,4,112,208,116.0,212.0,153.9158935546875,153.89332580566406,0.0225677490234375
s_bird_212,resnet50_tl_20250829,8,4,112,212,116.0,216.0,153.9158935546875,153.8767547607422,0.0391387939453125
s_bird_212,resnet50_tl_20250829,8,4,112,216,116.0,220.0,153.9158935546875,153.89820861816406,0.0176849365234375
s_bird_212,resnet50_tl_20250829,8,4,116,0,120.0,4.0,153.9158935546875,153.8641357421875,0.0517578125
s_bird_212,resnet50_tl_20250829,8,4,116,4,120.0,8.0,153.9158935546875,154.01512145996094,-0.0992279052734375
s_bird_212,resnet50_tl_20250829,8,4,116,8,120.0,12.0,153.9158935546875,153.95962524414062,-0.043731689453125
s_bird_212,resnet50_tl_20250829,8,4,116,12,120.0,16.0,153.9158935546875,153.94564819335938,-0.029754638671875
s_bird_212,resnet50_tl_20250829,8,4,116,16,120.0,20.0,153.9158935546875,153.9734344482422,-0.0575408935546875
s_bird_212,resnet50_tl_20250829,8,4,116,20,120.0,24.0,153.9158935546875,153.85231018066406,0.0635833740234375
s_bird_212,resnet50_tl_20250829,8,4,116,24,120.0,28.0,153.9158935546875,153.76051330566406,0.1553802490234375
s_bird_212,resnet50_tl_20250829,8,4,116,28,120.0,32.0,153.9158935546875,153.7499542236328,0.1659393310546875
s_bird_212,resnet50_tl_20250829,8,4,116,32,120.0,36.0,153.9158935546875,153.7279815673828,0.1879119873046875
s_bird_212,resnet50_tl_20250829,8,4,116,36,120.0,40.0,153.9158935546875,153.74429321289062,0.171600341796875
s_bird_212,resnet50_tl_20250829,8,4,116,40,120.0,44.0,153.9158935546875,153.80975341796875,0.10614013671875
s_bird_212,resnet50_tl_20250829,8,4,116,44,120.0,48.0,153.9158935546875,153.87660217285156,0.0392913818359375
s_bird_212,resnet50_tl_20250829,8,4,116,48,120.0,52.0,153.9158935546875,153.83206176757812,0.083831787109375
s_bird_212,resnet50_tl_20250829,8,4,116,52,120.0,56.0,153.9158935546875,153.79791259765625,0.11798095703125
s_bird_212,resnet50_tl_20250829,8,4,116,56,120.0,60.0,153.9158935546875,153.7648162841797,0.1510772705078125
s_bird_212,resnet50_tl_20250829,8,4,116,60,120.0,64.0,153.9158935546875,153.78799438476562,0.127899169921875
s_bird_212,resnet50_tl_20250829,8,4,116,64,120.0,68.0,153.9158935546875,153.76760864257812,0.148284912109375
s_bird_212,resnet50_tl_20250829,8,4,116,68,120.0,72.0,153.9158935546875,153.74037170410156,0.1755218505859375
s_bird_212,resnet50_tl_20250829,8,4,116,72,120.0,76.0,153.9158935546875,153.6878204345703,0.2280731201171875
s_bird_212,resnet50_tl_20250829,8,4,116,76,120.0,80.0,153.9158935546875,153.73146057128906,0.1844329833984375
s_bird_212,resnet50_tl_20250829,8,4,116,80,120.0,84.0,153.9158935546875,153.7232208251953,0.1926727294921875
s_bird_212,resnet50_tl_20250829,8,4,116,84,120.0,88.0,153.9158935546875,153.7092742919922,0.2066192626953125
s_bird_212,resnet50_tl_20250829,8,4,116,88,120.0,92.0,153.9158935546875,153.75540161132812,0.160491943359375
s_bird_212,resnet50_tl_20250829,8,4,116,92,120.0,96.0,153.9158935546875,153.80999755859375,0.10589599609375
s_bird_212,resnet50_tl_20250829,8,4,116,96,120.0,100.0,153.9158935546875,153.82177734375,0.0941162109375
s_bird_212,resnet50_tl_20250829,8,4,116,100,120.0,104.0,153.9158935546875,153.7896270751953,0.1262664794921875
s_bird_212,resnet50_tl_20250829,8,4,116,104,120.0,108.0,153.9158935546875,153.80911254882812,0.106781005859375
s_bird_212,resnet50_tl_20250829,8,4,116,108,120.0,112.0,153.9158935546875,153.8751220703125,0.040771484375
s_bird_212,resnet50_tl_20250829,8,4,116,112,120.0,116.0,153.9158935546875,153.8517608642578,0.0641326904296875
s_bird_212,resnet50_tl_20250829,8,4,116,116,120.0,120.0,153.9158935546875,153.9720916748047,-0.0561981201171875
s_bird_212,resnet50_tl_20250829,8,4,116,120,120.0,124.0,153.9158935546875,153.9438018798828,-0.0279083251953125
s_bird_212,resnet50_tl_20250829,8,4,116,124,120.0,128.0,153.9158935546875,153.91671752929688,-0.000823974609375
s_bird_212,resnet50_tl_20250829,8,4,116,128,120.0,132.0,153.9158935546875,153.90170288085938,0.014190673828125
s_bird_212,resnet50_tl_20250829,8,4,116,132,120.0,136.0,153.9158935546875,153.8756561279297,0.0402374267578125
s_bird_212,resnet50_tl_20250829,8,4,116,136,120.0,140.0,153.9158935546875,153.86312866210938,0.052764892578125
s_bird_212,resnet50_tl_20250829,8,4,116,140,120.0,144.0,153.9158935546875,153.9398956298828,-0.0240020751953125
s_bird_212,resnet50_tl_20250829,8,4,116,144,120.0,148.0,153.9158935546875,154.0625457763672,-0.1466522216796875
s_bird_212,resnet50_tl_20250829,8,4,116,148,120.0,152.0,153.9158935546875,154.12213134765625,-0.20623779296875
s_bird_212,resnet50_tl_20250829,8,4,116,152,120.0,156.0,153.9158935546875,154.15724182128906,-0.2413482666015625
s_bird_212,resnet50_tl_20250829,8,4,116,156,120.0,160.0,153.9158935546875,154.17189025878906,-0.2559967041015625
s_bird_212,resnet50_tl_20250829,8,4,116,160,120.0,164.0,153.9158935546875,153.76449584960938,0.151397705078125
s_bird_212,resnet50_tl_20250829,8,4,116,164,120.0,168.0,153.9158935546875,153.68365478515625,0.23223876953125
s_bird_212,resnet50_tl_20250829,8,4,116,168,120.0,172.0,153.9158935546875,153.69606018066406,0.2198333740234375
s_bird_212,resnet50_tl_20250829,8,4,116,172,120.0,176.0,153.9158935546875,153.77212524414062,0.143768310546875
s_bird_212,resnet50_tl_20250829,8,4,116,176,120.0,180.0,153.9158935546875,153.7386932373047,0.1772003173828125
s_bird_212,resnet50_tl_20250829,8,4,116,180,120.0,184.0,153.9158935546875,153.92274475097656,-0.0068511962890625
s_bird_212,resnet50_tl_20250829,8,4,116,184,120.0,188.0,153.9158935546875,153.86163330078125,0.05426025390625
s_bird_212,resnet50_tl_20250829,8,4,116,188,120.0,192.0,153.9158935546875,153.92335510253906,-0.0074615478515625
s_bird_212,resnet50_tl_20250829,8,4,116,192,120.0,196.0,153.9158935546875,153.93112182617188,-0.015228271484375
s_bird_212,resnet50_tl_20250829,8,4,116,196,120.0,200.0,153.9158935546875,153.9590606689453,-0.0431671142578125
s_bird_212,resnet50_tl_20250829,8,4,116,200,120.0,204.0,153.9158935546875,153.91195678710938,0.003936767578125
s_bird_212,resnet50_tl_20250829,8,4,116,204,120.0,208.0,153.9158935546875,153.9439697265625,-0.028076171875
s_bird_212,resnet50_tl_20250829,8,4,116,208,120.0,212.0,153.9158935546875,153.96522521972656,-0.0493316650390625
s_bird_212,resnet50_tl_20250829,8,4,116,212,120.0,216.0,153.9158935546875,153.94203186035156,-0.0261383056640625
s_bird_212,resnet50_tl_20250829,8,4,116,216,120.0,220.0,153.9158935546875,153.8942413330078,0.0216522216796875
s_bird_212,resnet50_tl_20250829,8,4,120,0,124.0,4.0,153.9158935546875,153.7934112548828,0.1224822998046875
s_bird_212,resnet50_tl_20250829,8,4,120,4,124.0,8.0,153.9158935546875,153.90322875976562,0.012664794921875
s_bird_212,resnet50_tl_20250829,8,4,120,8,124.0,12.0,153.9158935546875,153.91551208496094,0.0003814697265625
s_bird_212,resnet50_tl_20250829,8,4,120,12,124.0,16.0,153.9158935546875,153.92906188964844,-0.0131683349609375
s_bird_212,resnet50_tl_20250829,8,4,120,16,124.0,20.0,153.9158935546875,153.9163055419922,-0.0004119873046875
s_bird_212,resnet50_tl_20250829,8,4,120,20,124.0,24.0,153.9158935546875,153.79019165039062,0.125701904296875
s_bird_212,resnet50_tl_20250829,8,4,120,24,124.0,28.0,153.9158935546875,153.75404357910156,0.1618499755859375
s_bird_212,resnet50_tl_20250829,8,4,120,28,124.0,32.0,153.9158935546875,153.7996826171875,0.1162109375
s_bird_212,resnet50_tl_20250829,8,4,120,32,124.0,36.0,153.9158935546875,153.8295440673828,0.0863494873046875
s_bird_212,resnet50_tl_20250829,8,4,120,36,124.0,40.0,153.9158935546875,153.80357360839844,0.1123199462890625
s_bird_212,resnet50_tl_20250829,8,4,120,40,124.0,44.0,153.9158935546875,153.87832641601562,0.037567138671875
s_bird_212,resnet50_tl_20250829,8,4,120,44,124.0,48.0,153.9158935546875,153.915771484375,0.0001220703125
s_bird_212,resnet50_tl_20250829,8,4,120,48,124.0,52.0,153.9158935546875,153.94140625,-0.0255126953125
s_bird_212,resnet50_tl_20250829,8,4,120,52,124.0,56.0,153.9158935546875,153.8654022216797,0.0504913330078125
s_bird_212,resnet50_tl_20250829,8,4,120,56,124.0,60.0,153.9158935546875,153.83216857910156,0.0837249755859375
s_bird_212,resnet50_tl_20250829,8,4,120,60,124.0,64.0,153.9158935546875,153.81756591796875,0.09832763671875
s_bird_212,resnet50_tl_20250829,8,4,120,64,124.0,68.0,153.9158935546875,153.82386779785156,0.0920257568359375
s_bird_212,resnet50_tl_20250829,8,4,120,68,124.0,72.0,153.9158935546875,153.7533416748047,0.1625518798828125
s_bird_212,resnet50_tl_20250829,8,4,120,72,124.0,76.0,153.9158935546875,153.7442169189453,0.1716766357421875
s_bird_212,resnet50_tl_20250829,8,4,120,76,124.0,80.0,153.9158935546875,153.7572784423828,0.1586151123046875
s_bird_212,resnet50_tl_20250829,8,4,120,80,124.0,84.0,153.9158935546875,153.7596435546875,0.15625
s_bird_212,resnet50_tl_20250829,8,4,120,84,124.0,88.0,153.9158935546875,153.73768615722656,0.1782073974609375
s_bird_212,resnet50_tl_20250829,8,4,120,88,124.0,92.0,153.9158935546875,153.74960327148438,0.166290283203125
s_bird_212,resnet50_tl_20250829,8,4,120,92,124.0,96.0,153.9158935546875,153.79495239257812,0.120941162109375
s_bird_212,resnet50_tl_20250829,8,4,120,96,124.0,100.0,153.9158935546875,153.8660430908203,0.0498504638671875
s_bird_212,resnet50_tl_20250829,8,4,120,100,124.0,104.0,153.9158935546875,153.7835693359375,0.13232421875
s_bird_212,resnet50_tl_20250829,8,4,120,104,124.0,108.0,153.9158935546875,153.84120178222656,0.0746917724609375
s_bird_212,resnet50_tl_20250829,8,4,120,108,124.0,112.0,153.9158935546875,153.8769073486328,0.0389862060546875
s_bird_212,resnet50_tl_20250829,8,4,120,112,124.0,116.0,153.9158935546875,153.8788299560547,0.0370635986328125
s_bird_212,resnet50_tl_20250829,8,4,120,116,124.0,120.0,153.9158935546875,153.94357299804688,-0.027679443359375
s_bird_212,resnet50_tl_20250829,8,4,120,120,124.0,124.0,153.9158935546875,154.0054473876953,-0.0895538330078125
s_bird_212,resnet50_tl_20250829,8,4,120,124,124.0,128.0,153.9158935546875,153.9700469970703,-0.0541534423828125
s_bird_212,resnet50_tl_20250829,8,4,120,128,124.0,132.0,153.9158935546875,153.88511657714844,0.0307769775390625
s_bird_212,resnet50_tl_20250829,8,4,120,132,124.0,136.0,153.9158935546875,154.03770446777344,-0.1218109130859375
s_bird_212,resnet50_tl_20250829,8,4,120,136,124.0,140.0,153.9158935546875,153.7810516357422,0.1348419189453125
s_bird_212,resnet50_tl_20250829,8,4,120,140,124.0,144.0,153.9158935546875,153.921875,-0.0059814453125
s_bird_212,resnet50_tl_20250829,8,4,120,144,124.0,148.0,153.9158935546875,153.8527069091797,0.0631866455078125
s_bird_212,resnet50_tl_20250829,8,4,120,148,124.0,152.0,153.9158935546875,154.17190551757812,-0.256011962890625
s_bird_212,resnet50_tl_20250829,8,4,120,152,124.0,156.0,153.9158935546875,153.9314727783203,-0.0155792236328125
s_bird_212,resnet50_tl_20250829,8,4,120,156,124.0,160.0,153.9158935546875,153.7905731201172,0.1253204345703125
s_bird_212,resnet50_tl_20250829,8,4,120,160,124.0,164.0,153.9158935546875,153.695556640625,0.2203369140625
s_bird_212,resnet50_tl_20250829,8,4,120,164,124.0,168.0,153.9158935546875,153.74325561523438,0.172637939453125
s_bird_212,resnet50_tl_20250829,8,4,120,168,124.0,172.0,153.9158935546875,153.76966857910156,0.1462249755859375
s_bird_212,resnet50_tl_20250829,8,4,120,172,124.0,176.0,153.9158935546875,153.79092407226562,0.124969482421875
s_bird_212,resnet50_tl_20250829,8,4,120,176,124.0,180.0,153.9158935546875,153.69424438476562,0.221649169921875
s_bird_212,resnet50_tl_20250829,8,4,120,180,124.0,184.0,153.9158935546875,153.74990844726562,0.165985107421875
s_bird_212,resnet50_tl_20250829,8,4,120,184,124.0,188.0,153.9158935546875,153.84547424316406,0.0704193115234375
s_bird_212,resnet50_tl_20250829,8,4,120,188,124.0,192.0,153.9158935546875,153.802978515625,0.1129150390625
s_bird_212,resnet50_tl_20250829,8,4,120,192,124.0,196.0,153.9158935546875,153.8243408203125,0.091552734375
s_bird_212,resnet50_tl_20250829,8,4,120,196,124.0,200.0,153.9158935546875,153.8472442626953,0.0686492919921875
s_bird_212,resnet50_tl_20250829,8,4,120,200,124.0,204.0,153.9158935546875,153.89187622070312,0.024017333984375
s_bird_212,resnet50_tl_20250829,8,4,120,204,124.0,208.0,153.9158935546875,153.91366577148438,0.002227783203125
s_bird_212,resnet50_tl_20250829,8,4,120,208,124.0,212.0,153.9158935546875,153.9196014404297,-0.0037078857421875
s_bird_212,resnet50_tl_20250829,8,4,120,212,124.0,216.0,153.9158935546875,153.8886260986328,0.0272674560546875
s_bird_212,resnet50_tl_20250829,8,4,120,216,124.0,220.0,153.9158935546875,153.88282775878906,0.0330657958984375
s_bird_212,resnet50_tl_20250829,8,4,124,0,128.0,4.0,153.9158935546875,153.59005737304688,0.325836181640625
s_bird_212,resnet50_tl_20250829,8,4,124,4,128.0,8.0,153.9158935546875,153.7869110107422,0.1289825439453125
s_bird_212,resnet50_tl_20250829,8,4,124,8,128.0,12.0,153.9158935546875,153.88485717773438,0.031036376953125
s_bird_212,resnet50_tl_20250829,8,4,124,12,128.0,16.0,153.9158935546875,153.9343719482422,-0.0184783935546875
s_bird_212,resnet50_tl_20250829,8,4,124,16,128.0,20.0,153.9158935546875,153.9236297607422,-0.0077362060546875
s_bird_212,resnet50_tl_20250829,8,4,124,20,128.0,24.0,153.9158935546875,153.79071044921875,0.12518310546875
s_bird_212,resnet50_tl_20250829,8,4,124,24,128.0,28.0,153.9158935546875,153.76979064941406,0.1461029052734375
s_bird_212,resnet50_tl_20250829,8,4,124,28,128.0,32.0,153.9158935546875,153.8981475830078,0.0177459716796875
s_bird_212,resnet50_tl_20250829,8,4,124,32,128.0,36.0,153.9158935546875,153.89772033691406,0.0181732177734375
s_bird_212,resnet50_tl_20250829,8,4,124,36,128.0,40.0,153.9158935546875,153.81027221679688,0.105621337890625
s_bird_212,resnet50_tl_20250829,8,4,124,40,128.0,44.0,153.9158935546875,153.88670349121094,0.0291900634765625
s_bird_212,resnet50_tl_20250829,8,4,124,44,128.0,48.0,153.9158935546875,153.95761108398438,-0.041717529296875
s_bird_212,resnet50_tl_20250829,8,4,124,48,128.0,52.0,153.9158935546875,153.9447021484375,-0.02880859375
s_bird_212,resnet50_tl_20250829,8,4,124,52,128.0,56.0,153.9158935546875,153.8976593017578,0.0182342529296875
s_bird_212,resnet50_tl_20250829,8,4,124,56,128.0,60.0,153.9158935546875,153.89007568359375,0.02581787109375
s_bird_212,resnet50_tl_20250829,8,4,124,60,128.0,64.0,153.9158935546875,153.90777587890625,0.00811767578125
s_bird_212,resnet50_tl_20250829,8,4,124,64,128.0,68.0,153.9158935546875,153.84605407714844,0.0698394775390625
s_bird_212,resnet50_tl_20250829,8,4,124,68,128.0,72.0,153.9158935546875,153.76576232910156,0.1501312255859375
s_bird_212,resnet50_tl_20250829,8,4,124,72,128.0,76.0,153.9158935546875,153.73239135742188,0.183502197265625
s_bird_212,resnet50_tl_20250829,8,4,124,76,128.0,80.0,153.9158935546875,153.72256469726562,0.193328857421875
s_bird_212,resnet50_tl_20250829,8,4,124,80,128.0,84.0,153.9158935546875,153.68971252441406,0.2261810302734375
s_bird_212,resnet50_tl_20250829,8,4,124,84,128.0,88.0,153.9158935546875,153.78175354003906,0.1341400146484375
s_bird_212,resnet50_tl_20250829,8,4,124,88,128.0,92.0,153.9158935546875,153.75521850585938,0.160675048828125
s_bird_212,resnet50_tl_20250829,8,4,124,92,128.0,96.0,153.9158935546875,153.89610290527344,0.0197906494140625
s_bird_212,resnet50_tl_20250829,8,4,124,96,128.0,100.0,153.9158935546875,153.86166381835938,0.054229736328125
s_bird_212,resnet50_tl_20250829,8,4,124,100,128.0,104.0,153.9158935546875,153.81954956054688,0.096343994140625
s_bird_212,resnet50_tl_20250829,8,4,124,104,128.0,108.0,153.9158935546875,153.85874938964844,0.0571441650390625
s_bird_212,resnet50_tl_20250829,8,4,124,108,128.0,112.0,153.9158935546875,153.92506408691406,-0.0091705322265625
s_bird_212,resnet50_tl_20250829,8,4,124,112,128.0,116.0,153.9158935546875,153.91989135742188,-0.003997802734375
s_bird_212,resnet50_tl_20250829,8,4,124,116,128.0,120.0,153.9158935546875,153.970458984375,-0.0545654296875
s_bird_212,resnet50_tl_20250829,8,4,124,120,128.0,124.0,153.9158935546875,153.99996948242188,-0.084075927734375
s_bird_212,resnet50_tl_20250829,8,4,124,124,128.0,128.0,153.9158935546875,153.89059448242188,0.025299072265625
s_bird_212,resnet50_tl_20250829,8,4,124,128,128.0,132.0,153.9158935546875,153.94422912597656,-0.0283355712890625
s_bird_212,resnet50_tl_20250829,8,4,124,132,128.0,136.0,153.9158935546875,154.10308837890625,-0.18719482421875
s_bird_212,resnet50_tl_20250829,8,4,124,136,128.0,140.0,153.9158935546875,153.7937774658203,0.1221160888671875
s_bird_212,resnet50_tl_20250829,8,4,124,140,128.0,144.0,153.9158935546875,153.74346923828125,0.17242431640625
s_bird_212,resnet50_tl_20250829,8,4,124,144,128.0,148.0,153.9158935546875,153.67083740234375,0.24505615234375
s_bird_212,resnet50_tl_20250829,8,4,124,148,128.0,152.0,153.9158935546875,153.99388122558594,-0.0779876708984375
s_bird_212,resnet50_tl_20250829,8,4,124,152,128.0,156.0,153.9158935546875,153.83131408691406,0.0845794677734375
s_bird_212,resnet50_tl_20250829,8,4,124,156,128.0,160.0,153.9158935546875,153.85842895507812,0.057464599609375
s_bird_212,resnet50_tl_20250829,8,4,124,160,128.0,164.0,153.9158935546875,153.62855529785156,0.2873382568359375
s_bird_212,resnet50_tl_20250829,8,4,124,164,128.0,168.0,153.9158935546875,153.8547821044922,0.0611114501953125
s_bird_212,resnet50_tl_20250829,8,4,124,168,128.0,172.0,153.9158935546875,153.7683868408203,0.1475067138671875
s_bird_212,resnet50_tl_20250829,8,4,124,172,128.0,176.0,153.9158935546875,153.859130859375,0.0567626953125
s_bird_212,resnet50_tl_20250829,8,4,124,176,128.0,180.0,153.9158935546875,153.67251586914062,0.243377685546875
s_bird_212,resnet50_tl_20250829,8,4,124,180,128.0,184.0,153.9158935546875,153.8544464111328,0.0614471435546875
s_bird_212,resnet50_tl_20250829,8,4,124,184,128.0,188.0,153.9158935546875,153.86607360839844,0.0498199462890625
s_bird_212,resnet50_tl_20250829,8,4,124,188,128.0,192.0,153.9158935546875,153.7600860595703,0.1558074951171875
s_bird_212,resnet50_tl_20250829,8,4,124,192,128.0,196.0,153.9158935546875,153.76531982421875,0.15057373046875
s_bird_212,resnet50_tl_20250829,8,4,124,196,128.0,200.0,153.9158935546875,153.84629821777344,0.0695953369140625
s_bird_212,resnet50_tl_20250829,8,4,124,200,128.0,204.0,153.9158935546875,153.9138946533203,0.0019989013671875
s_bird_212,resnet50_tl_20250829,8,4,124,204,128.0,208.0,153.9158935546875,153.9537811279297,-0.0378875732421875
s_bird_212,resnet50_tl_20250829,8,4,124,208,128.0,212.0,153.9158935546875,153.91311645507812,0.002777099609375
s_bird_212,resnet50_tl_20250829,8,4,124,212,128.0,216.0,153.9158935546875,153.89981079101562,0.016082763671875
s_bird_212,resnet50_tl_20250829,8,4,124,216,128.0,220.0,153.9158935546875,153.89761352539062,0.018280029296875
s_bird_212,resnet50_tl_20250829,8,4,128,0,132.0,4.0,153.9158935546875,153.63638305664062,0.279510498046875
s_bird_212,resnet50_tl_20250829,8,4,128,4,132.0,8.0,153.9158935546875,153.75054931640625,0.16534423828125
s_bird_212,resnet50_tl_20250829,8,4,128,8,132.0,12.0,153.9158935546875,153.80636596679688,0.109527587890625
s_bird_212,resnet50_tl_20250829,8,4,128,12,132.0,16.0,153.9158935546875,153.77267456054688,0.143218994140625
s_bird_212,resnet50_tl_20250829,8,4,128,16,132.0,20.0,153.9158935546875,153.90980529785156,0.0060882568359375
s_bird_212,resnet50_tl_20250829,8,4,128,20,132.0,24.0,153.9158935546875,153.8067169189453,0.1091766357421875
s_bird_212,resnet50_tl_20250829,8,4,128,24,132.0,28.0,153.9158935546875,153.82115173339844,0.0947418212890625
s_bird_212,resnet50_tl_20250829,8,4,128,28,132.0,32.0,153.9158935546875,153.8937225341797,0.0221710205078125
s_bird_212,resnet50_tl_20250829,8,4,128,32,132.0,36.0,153.9158935546875,153.9308624267578,-0.0149688720703125
s_bird_212,resnet50_tl_20250829,8,4,128,36,132.0,40.0,153.9158935546875,153.82127380371094,0.0946197509765625
s_bird_212,resnet50_tl_20250829,8,4,128,40,132.0,44.0,153.9158935546875,153.97825622558594,-0.0623626708984375
s_bird_212,resnet50_tl_20250829,8,4,128,44,132.0,48.0,153.9158935546875,154.0023651123047,-0.0864715576171875
s_bird_212,resnet50_tl_20250829,8,4,128,48,132.0,52.0,153.9158935546875,153.9798583984375,-0.06396484375
s_bird_212,resnet50_tl_20250829,8,4,128,52,132.0,56.0,153.9158935546875,153.93789672851562,-0.022003173828125
s_bird_212,resnet50_tl_20250829,8,4,128,56,132.0,60.0,153.9158935546875,153.92532348632812,-0.009429931640625
s_bird_212,resnet50_tl_20250829,8,4,128,60,132.0,64.0,153.9158935546875,153.933349609375,-0.0174560546875
s_bird_212,resnet50_tl_20250829,8,4,128,64,132.0,68.0,153.9158935546875,153.9450225830078,-0.0291290283203125
s_bird_212,resnet50_tl_20250829,8,4,128,68,132.0,72.0,153.9158935546875,153.8416748046875,0.07421875
s_bird_212,resnet50_tl_20250829,8,4,128,72,132.0,76.0,153.9158935546875,153.8367919921875,0.0791015625
s_bird_212,resnet50_tl_20250829,8,4,128,76,132.0,80.0,153.9158935546875,153.75009155273438,0.165802001953125
s_bird_212,resnet50_tl_20250829,8,4,128,80,132.0,84.0,153.9158935546875,153.7395477294922,0.1763458251953125
s_bird_212,resnet50_tl_20250829,8,4,128,84,132.0,88.0,153.9158935546875,153.7620849609375,0.15380859375
s_bird_212,resnet50_tl_20250829,8,4,128,88,132.0,92.0,153.9158935546875,153.7937469482422,0.1221466064453125
s_bird_212,resnet50_tl_20250829,8,4,128,92,132.0,96.0,153.9158935546875,153.86737060546875,0.04852294921875
s_bird_212,resnet50_tl_20250829,8,4,128,96,132.0,100.0,153.9158935546875,153.8821563720703,0.0337371826171875
s_bird_212,resnet50_tl_20250829,8,4,128,100,132.0,104.0,153.9158935546875,153.8487548828125,0.067138671875
s_bird_212,resnet50_tl_20250829,8,4,128,104,132.0,108.0,153.9158935546875,153.91787719726562,-0.001983642578125
s_bird_212,resnet50_tl_20250829,8,4,128,108,132.0,112.0,153.9158935546875,153.94155883789062,-0.025665283203125
s_bird_212,resnet50_tl_20250829,8,4,128,112,132.0,116.0,153.9158935546875,153.98329162597656,-0.0673980712890625
s_bird_212,resnet50_tl_20250829,8,4,128,116,132.0,120.0,153.9158935546875,154.0979766845703,-0.1820831298828125
s_bird_212,resnet50_tl_20250829,8,4,128,120,132.0,124.0,153.9158935546875,154.1075897216797,-0.1916961669921875
s_bird_212,resnet50_tl_20250829,8,4,128,124,132.0,128.0,153.9158935546875,154.20639038085938,-0.290496826171875
s_bird_212,resnet50_tl_20250829,8,4,128,128,132.0,132.0,153.9158935546875,154.185546875,-0.2696533203125
s_bird_212,resnet50_tl_20250829,8,4,128,132,132.0,136.0,153.9158935546875,154.05859375,-0.1427001953125
s_bird_212,resnet50_tl_20250829,8,4,128,136,132.0,140.0,153.9158935546875,153.8238525390625,0.092041015625
s_bird_212,resnet50_tl_20250829,8,4,128,140,132.0,144.0,153.9158935546875,153.7694854736328,0.1464080810546875
s_bird_212,resnet50_tl_20250829,8,4,128,144,132.0,148.0,153.9158935546875,153.65635681152344,0.2595367431640625
s_bird_212,resnet50_tl_20250829,8,4,128,148,132.0,152.0,153.9158935546875,153.70285034179688,0.213043212890625
s_bird_212,resnet50_tl_20250829,8,4,128,152,132.0,156.0,153.9158935546875,153.74142456054688,0.174468994140625
s_bird_212,resnet50_tl_20250829,8,4,128,156,132.0,160.0,153.9158935546875,153.69081115722656,0.2250823974609375
s_bird_212,resnet50_tl_20250829,8,4,128,160,132.0,164.0,153.9158935546875,153.57699584960938,0.338897705078125
s_bird_212,resnet50_tl_20250829,8,4,128,164,132.0,168.0,153.9158935546875,153.68504333496094,0.2308502197265625
s_bird_212,resnet50_tl_20250829,8,4,128,168,132.0,172.0,153.9158935546875,153.76385498046875,0.15203857421875
s_bird_212,resnet50_tl_20250829,8,4,128,172,132.0,176.0,153.9158935546875,153.70147705078125,0.21441650390625
s_bird_212,resnet50_tl_20250829,8,4,128,176,132.0,180.0,153.9158935546875,153.69268798828125,0.22320556640625
s_bird_212,resnet50_tl_20250829,8,4,128,180,132.0,184.0,153.9158935546875,153.71920776367188,0.196685791015625
s_bird_212,resnet50_tl_20250829,8,4,128,184,132.0,188.0,153.9158935546875,153.81027221679688,0.105621337890625
s_bird_212,resnet50_tl_20250829,8,4,128,188,132.0,192.0,153.9158935546875,153.6970977783203,0.2187957763671875
s_bird_212,resnet50_tl_20250829,8,4,128,192,132.0,196.0,153.9158935546875,153.75473022460938,0.161163330078125
s_bird_212,resnet50_tl_20250829,8,4,128,196,132.0,200.0,153.9158935546875,153.8018798828125,0.114013671875
s_bird_212,resnet50_tl_20250829,8,4,128,200,132.0,204.0,153.9158935546875,153.8653106689453,0.0505828857421875
s_bird_212,resnet50_tl_20250829,8,4,128,204,132.0,208.0,153.9158935546875,153.8780975341797,0.0377960205078125
s_bird_212,resnet50_tl_20250829,8,4,128,208,132.0,212.0,153.9158935546875,153.8716278076172,0.0442657470703125
s_bird_212,resnet50_tl_20250829,8,4,128,212,132.0,216.0,153.9158935546875,153.85304260253906,0.0628509521484375
s_bird_212,resnet50_tl_20250829,8,4,128,216,132.0,220.0,153.9158935546875,153.88316345214844,0.0327301025390625
s_bird_212,resnet50_tl_20250829,8,4,132,0,136.0,4.0,153.9158935546875,153.90487670898438,0.011016845703125
s_bird_212,resnet50_tl_20250829,8,4,132,4,136.0,8.0,153.9158935546875,153.9247283935547,-0.0088348388671875
s_bird_212,resnet50_tl_20250829,8,4,132,8,136.0,12.0,153.9158935546875,153.90147399902344,0.0144195556640625
s_bird_212,resnet50_tl_20250829,8,4,132,12,136.0,16.0,153.9158935546875,153.970458984375,-0.0545654296875
s_bird_212,resnet50_tl_20250829,8,4,132,16,136.0,20.0,153.9158935546875,153.9268798828125,-0.010986328125
s_bird_212,resnet50_tl_20250829,8,4,132,20,136.0,24.0,153.9158935546875,153.68348693847656,0.2324066162109375
s_bird_212,resnet50_tl_20250829,8,4,132,24,136.0,28.0,153.9158935546875,153.77017211914062,0.145721435546875
s_bird_212,resnet50_tl_20250829,8,4,132,28,136.0,32.0,153.9158935546875,153.8721160888672,0.0437774658203125
s_bird_212,resnet50_tl_20250829,8,4,132,32,136.0,36.0,153.9158935546875,153.89984130859375,0.01605224609375
s_bird_212,resnet50_tl_20250829,8,4,132,36,136.0,40.0,153.9158935546875,153.88327026367188,0.032623291015625
s_bird_212,resnet50_tl_20250829,8,4,132,40,136.0,44.0,153.9158935546875,153.93319702148438,-0.017303466796875
s_bird_212,resnet50_tl_20250829,8,4,132,44,136.0,48.0,153.9158935546875,153.92672729492188,-0.010833740234375
s_bird_212,resnet50_tl_20250829,8,4,132,48,136.0,52.0,153.9158935546875,153.93060302734375,-0.01470947265625
s_bird_212,resnet50_tl_20250829,8,4,132,52,136.0,56.0,153.9158935546875,153.8877716064453,0.0281219482421875
s_bird_212,resnet50_tl_20250829,8,4,132,56,136.0,60.0,153.9158935546875,153.9192657470703,-0.0033721923828125
s_bird_212,resnet50_tl_20250829,8,4,132,60,136.0,64.0,153.9158935546875,153.92739868164062,-0.011505126953125
s_bird_212,resnet50_tl_20250829,8,4,132,64,136.0,68.0,153.9158935546875,153.89366149902344,0.0222320556640625
s_bird_212,resnet50_tl_20250829,8,4,132,68,136.0,72.0,153.9158935546875,153.86752319335938,0.048370361328125
s_bird_212,resnet50_tl_20250829,8,4,132,72,136.0,76.0,153.9158935546875,153.8170928955078,0.0988006591796875
s_bird_212,resnet50_tl_20250829,8,4,132,76,136.0,80.0,153.9158935546875,153.8197479248047,0.0961456298828125
s_bird_212,resnet50_tl_20250829,8,4,132,80,136.0,84.0,153.9158935546875,153.71412658691406,0.2017669677734375
s_bird_212,resnet50_tl_20250829,8,4,132,84,136.0,88.0,153.9158935546875,153.70712280273438,0.208770751953125
s_bird_212,resnet50_tl_20250829,8,4,132,88,136.0,92.0,153.9158935546875,153.65890502929688,0.256988525390625
s_bird_212,resnet50_tl_20250829,8,4,132,92,136.0,96.0,153.9158935546875,153.80270385742188,0.113189697265625
s_bird_212,resnet50_tl_20250829,8,4,132,96,136.0,100.0,153.9158935546875,153.81053161621094,0.1053619384765625
s_bird_212,resnet50_tl_20250829,8,4,132,100,136.0,104.0,153.9158935546875,153.8252716064453,0.0906219482421875
s_bird_212,resnet50_tl_20250829,8,4,132,104,136.0,108.0,153.9158935546875,153.80458068847656,0.1113128662109375
s_bird_212,resnet50_tl_20250829,8,4,132,108,136.0,112.0,153.9158935546875,153.8470916748047,0.0688018798828125
s_bird_212,resnet50_tl_20250829,8,4,132,112,136.0,116.0,153.9158935546875,153.8359832763672,0.0799102783203125
s_bird_212,resnet50_tl_20250829,8,4,132,116,136.0,120.0,153.9158935546875,154.18580627441406,-0.2699127197265625
s_bird_212,resnet50_tl_20250829,8,4,132,120,136.0,124.0,153.9158935546875,154.2767791748047,-0.3608856201171875
s_bird_212,resnet50_tl_20250829,8,4,132,124,136.0,128.0,153.9158935546875,154.3423309326172,-0.4264373779296875
s_bird_212,resnet50_tl_20250829,8,4,132,128,136.0,132.0,153.9158935546875,153.9395751953125,-0.023681640625
s_bird_212,resnet50_tl_20250829,8,4,132,132,136.0,136.0,153.9158935546875,154.02114868164062,-0.105255126953125
s_bird_212,resnet50_tl_20250829,8,4,132,136,136.0,140.0,153.9158935546875,153.91586303710938,3.0517578125e-05
s_bird_212,resnet50_tl_20250829,8,4,132,140,136.0,144.0,153.9158935546875,154.0386505126953,-0.1227569580078125
s_bird_212,resnet50_tl_20250829,8,4,132,144,136.0,148.0,153.9158935546875,153.84625244140625,0.06964111328125
s_bird_212,resnet50_tl_20250829,8,4,132,148,136.0,152.0,153.9158935546875,154.0594024658203,-0.1435089111328125
s_bird_212,resnet50_tl_20250829,8,4,132,152,136.0,156.0,153.9158935546875,153.8348388671875,0.0810546875
s_bird_212,resnet50_tl_20250829,8,4,132,156,136.0,160.0,153.9158935546875,153.9510498046875,-0.03515625
s_bird_212,resnet50_tl_20250829,8,4,132,160,136.0,164.0,153.9158935546875,153.77481079101562,0.141082763671875
s_bird_212,resnet50_tl_20250829,8,4,132,164,136.0,168.0,153.9158935546875,153.95127868652344,-0.0353851318359375
s_bird_212,resnet50_tl_20250829,8,4,132,168,136.0,172.0,153.9158935546875,153.8072052001953,0.1086883544921875
s_bird_212,resnet50_tl_20250829,8,4,132,172,136.0,176.0,153.9158935546875,153.95567321777344,-0.0397796630859375
s_bird_212,resnet50_tl_20250829,8,4,132,176,136.0,180.0,153.9158935546875,153.8626708984375,0.05322265625
s_bird_212,resnet50_tl_20250829,8,4,132,180,136.0,184.0,153.9158935546875,153.98753356933594,-0.0716400146484375
s_bird_212,resnet50_tl_20250829,8,4,132,184,136.0,188.0,153.9158935546875,153.88760375976562,0.028289794921875
s_bird_212,resnet50_tl_20250829,8,4,132,188,136.0,192.0,153.9158935546875,153.93910217285156,-0.0232086181640625
s_bird_212,resnet50_tl_20250829,8,4,132,192,136.0,196.0,153.9158935546875,153.94232177734375,-0.02642822265625
s_bird_212,resnet50_tl_20250829,8,4,132,196,136.0,200.0,153.9158935546875,153.9503936767578,-0.0345001220703125
s_bird_212,resnet50_tl_20250829,8,4,132,200,136.0,204.0,153.9158935546875,153.87989807128906,0.0359954833984375
s_bird_212,resnet50_tl_20250829,8,4,132,204,136.0,208.0,153.9158935546875,153.9561004638672,-0.0402069091796875
s_bird_212,resnet50_tl_20250829,8,4,132,208,136.0,212.0,153.9158935546875,153.94674682617188,-0.030853271484375
s_bird_212,resnet50_tl_20250829,8,4,132,212,136.0,216.0,153.9158935546875,153.9115447998047,0.0043487548828125
s_bird_212,resnet50_tl_20250829,8,4,132,216,136.0,220.0,153.9158935546875,153.8634490966797,0.0524444580078125
s_bird_212,resnet50_tl_20250829,8,4,136,0,140.0,4.0,153.9158935546875,153.83499145507812,0.080902099609375
s_bird_212,resnet50_tl_20250829,8,4,136,4,140.0,8.0,153.9158935546875,153.91448974609375,0.00140380859375
s_bird_212,resnet50_tl_20250829,8,4,136,8,140.0,12.0,153.9158935546875,153.99002075195312,-0.074127197265625
s_bird_212,resnet50_tl_20250829,8,4,136,12,140.0,16.0,153.9158935546875,153.86595153808594,0.0499420166015625
s_bird_212,resnet50_tl_20250829,8,4,136,16,140.0,20.0,153.9158935546875,153.74777221679688,0.168121337890625
s_bird_212,resnet50_tl_20250829,8,4,136,20,140.0,24.0,153.9158935546875,153.59539794921875,0.32049560546875
s_bird_212,resnet50_tl_20250829,8,4,136,24,140.0,28.0,153.9158935546875,153.75436401367188,0.161529541015625
s_bird_212,resnet50_tl_20250829,8,4,136,28,140.0,32.0,153.9158935546875,153.83163452148438,0.084259033203125
s_bird_212,resnet50_tl_20250829,8,4,136,32,140.0,36.0,153.9158935546875,153.90431213378906,0.0115814208984375
s_bird_212,resnet50_tl_20250829,8,4,136,36,140.0,40.0,153.9158935546875,153.86563110351562,0.050262451171875
s_bird_212,resnet50_tl_20250829,8,4,136,40,140.0,44.0,153.9158935546875,153.8848419189453,0.0310516357421875
s_bird_212,resnet50_tl_20250829,8,4,136,44,140.0,48.0,153.9158935546875,153.8937530517578,0.0221405029296875
s_bird_212,resnet50_tl_20250829,8,4,136,48,140.0,52.0,153.9158935546875,153.90310668945312,0.012786865234375
s_bird_212,resnet50_tl_20250829,8,4,136,52,140.0,56.0,153.9158935546875,153.9105987548828,0.0052947998046875
s_bird_212,resnet50_tl_20250829,8,4,136,56,140.0,60.0,153.9158935546875,153.90499877929688,0.010894775390625
s_bird_212,resnet50_tl_20250829,8,4,136,60,140.0,64.0,153.9158935546875,153.92572021484375,-0.00982666015625
s_bird_212,resnet50_tl_20250829,8,4,136,64,140.0,68.0,153.9158935546875,153.93199157714844,-0.0160980224609375
s_bird_212,resnet50_tl_20250829,8,4,136,68,140.0,72.0,153.9158935546875,153.91456604003906,0.0013275146484375
s_bird_212,resnet50_tl_20250829,8,4,136,72,140.0,76.0,153.9158935546875,153.82955932617188,0.086334228515625
s_bird_212,resnet50_tl_20250829,8,4,136,76,140.0,80.0,153.9158935546875,153.74400329589844,0.1718902587890625
s_bird_212,resnet50_tl_20250829,8,4,136,80,140.0,84.0,153.9158935546875,153.56546020507812,0.350433349609375
s_bird_212,resnet50_tl_20250829,8,4,136,84,140.0,88.0,153.9158935546875,153.5400848388672,0.3758087158203125
s_bird_212,resnet50_tl_20250829,8,4,136,88,140.0,92.0,153.9158935546875,153.74855041503906,0.1673431396484375
s_bird_212,resnet50_tl_20250829,8,4,136,92,140.0,96.0,153.9158935546875,153.8491668701172,0.0667266845703125
s_bird_212,resnet50_tl_20250829,8,4,136,96,140.0,100.0,153.9158935546875,153.8721160888672,0.0437774658203125
s_bird_212,resnet50_tl_20250829,8,4,136,100,140.0,104.0,153.9158935546875,153.86151123046875,0.05438232421875
s_bird_212,resnet50_tl_20250829,8,4,136,104,140.0,108.0,153.9158935546875,153.7728729248047,0.1430206298828125
s_bird_212,resnet50_tl_20250829,8,4,136,108,140.0,112.0,153.9158935546875,153.74151611328125,0.17437744140625
s_bird_212,resnet50_tl_20250829,8,4,136,112,140.0,116.0,153.9158935546875,153.69349670410156,0.2223968505859375
s_bird_212,resnet50_tl_20250829,8,4,136,116,140.0,120.0,153.9158935546875,153.79847717285156,0.1174163818359375
s_bird_212,resnet50_tl_20250829,8,4,136,120,140.0,124.0,153.9158935546875,153.9829559326172,-0.0670623779296875
s_bird_212,resnet50_tl_20250829,8,4,136,124,140.0,128.0,153.9158935546875,153.82952880859375,0.08636474609375
s_bird_212,resnet50_tl_20250829,8,4,136,128,140.0,132.0,153.9158935546875,153.60450744628906,0.3113861083984375
s_bird_212,resnet50_tl_20250829,8,4,136,132,140.0,136.0,153.9158935546875,153.8809814453125,0.034912109375
s_bird_212,resnet50_tl_20250829,8,4,136,136,140.0,140.0,153.9158935546875,153.95230102539062,-0.036407470703125
s_bird_212,resnet50_tl_20250829,8,4,136,140,140.0,144.0,153.9158935546875,153.7419891357422,0.1739044189453125
s_bird_212,resnet50_tl_20250829,8,4,136,144,140.0,148.0,153.9158935546875,153.5913543701172,0.3245391845703125
s_bird_212,resnet50_tl_20250829,8,4,136,148,140.0,152.0,153.9158935546875,153.68321228027344,0.2326812744140625
s_bird_212,resnet50_tl_20250829,8,4,136,152,140.0,156.0,153.9158935546875,153.715087890625,0.2008056640625
s_bird_212,resnet50_tl_20250829,8,4,136,156,140.0,160.0,153.9158935546875,153.5613555908203,0.3545379638671875
s_bird_212,resnet50_tl_20250829,8,4,136,160,140.0,164.0,153.9158935546875,153.512939453125,0.4029541015625
s_bird_212,resnet50_tl_20250829,8,4,136,164,140.0,168.0,153.9158935546875,153.61190795898438,0.303985595703125
s_bird_212,resnet50_tl_20250829,8,4,136,168,140.0,172.0,153.9158935546875,153.67958068847656,0.2363128662109375
s_bird_212,resnet50_tl_20250829,8,4,136,172,140.0,176.0,153.9158935546875,153.6162567138672,0.2996368408203125
s_bird_212,resnet50_tl_20250829,8,4,136,176,140.0,180.0,153.9158935546875,153.58026123046875,0.33563232421875
s_bird_212,resnet50_tl_20250829,8,4,136,180,140.0,184.0,153.9158935546875,153.6385498046875,0.27734375
s_bird_212,resnet50_tl_20250829,8,4,136,184,140.0,188.0,153.9158935546875,153.77210998535156,0.1437835693359375
s_bird_212,resnet50_tl_20250829,8,4,136,188,140.0,192.0,153.9158935546875,153.7335968017578,0.1822967529296875
s_bird_212,resnet50_tl_20250829,8,4,136,192,140.0,196.0,153.9158935546875,153.76795959472656,0.1479339599609375
s_bird_212,resnet50_tl_20250829,8,4,136,196,140.0,200.0,153.9158935546875,153.77301025390625,0.14288330078125
s_bird_212,resnet50_tl_20250829,8,4,136,200,140.0,204.0,153.9158935546875,153.81480407714844,0.1010894775390625
s_bird_212,resnet50_tl_20250829,8,4,136,204,140.0,208.0,153.9158935546875,153.83499145507812,0.080902099609375
s_bird_212,resnet50_tl_20250829,8,4,136,208,140.0,212.0,153.9158935546875,153.8216552734375,0.09423828125
s_bird_212,resnet50_tl_20250829,8,4,136,212,140.0,216.0,153.9158935546875,153.812255859375,0.1036376953125
s_bird_212,resnet50_tl_20250829,8,4,136,216,140.0,220.0,153.9158935546875,153.84542846679688,0.070465087890625
s_bird_212,resnet50_tl_20250829,8,4,140,0,144.0,4.0,153.9158935546875,153.63746643066406,0.2784271240234375
s_bird_212,resnet50_tl_20250829,8,4,140,4,144.0,8.0,153.9158935546875,153.87606811523438,0.039825439453125
s_bird_212,resnet50_tl_20250829,8,4,140,8,144.0,12.0,153.9158935546875,153.9080047607422,0.0078887939453125
s_bird_212,resnet50_tl_20250829,8,4,140,12,144.0,16.0,153.9158935546875,153.7361297607422,0.1797637939453125
s_bird_212,resnet50_tl_20250829,8,4,140,16,144.0,20.0,153.9158935546875,153.58485412597656,0.3310394287109375
s_bird_212,resnet50_tl_20250829,8,4,140,20,144.0,24.0,153.9158935546875,153.74781799316406,0.1680755615234375
s_bird_212,resnet50_tl_20250829,8,4,140,24,144.0,28.0,153.9158935546875,153.91690063476562,-0.001007080078125
s_bird_212,resnet50_tl_20250829,8,4,140,28,144.0,32.0,153.9158935546875,154.0109100341797,-0.0950164794921875
s_bird_212,resnet50_tl_20250829,8,4,140,32,144.0,36.0,153.9158935546875,153.89317321777344,0.0227203369140625
s_bird_212,resnet50_tl_20250829,8,4,140,36,144.0,40.0,153.9158935546875,153.913818359375,0.0020751953125
s_bird_212,resnet50_tl_20250829,8,4,140,40,144.0,44.0,153.9158935546875,153.95677185058594,-0.0408782958984375
s_bird_212,resnet50_tl_20250829,8,4,140,44,144.0,48.0,153.9158935546875,154.02503967285156,-0.1091461181640625
s_bird_212,resnet50_tl_20250829,8,4,140,48,144.0,52.0,153.9158935546875,154.01885986328125,-0.10296630859375
s_bird_212,resnet50_tl_20250829,8,4,140,52,144.0,56.0,153.9158935546875,153.88397216796875,0.03192138671875
s_bird_212,resnet50_tl_20250829,8,4,140,56,144.0,60.0,153.9158935546875,153.87440490722656,0.0414886474609375
s_bird_212,resnet50_tl_20250829,8,4,140,60,144.0,64.0,153.9158935546875,153.9091339111328,0.0067596435546875
s_bird_212,resnet50_tl_20250829,8,4,140,64,144.0,68.0,153.9158935546875,153.8870086669922,0.0288848876953125
s_bird_212,resnet50_tl_20250829,8,4,140,68,144.0,72.0,153.9158935546875,153.97897338867188,-0.063079833984375
s_bird_212,resnet50_tl_20250829,8,4,140,72,144.0,76.0,153.9158935546875,153.97140502929688,-0.055511474609375
s_bird_212,resnet50_tl_20250829,8,4,140,76,144.0,80.0,153.9158935546875,153.6156768798828,0.3002166748046875
s_bird_212,resnet50_tl_20250829,8,4,140,80,144.0,84.0,153.9158935546875,153.34523010253906,0.5706634521484375
s_bird_212,resnet50_tl_20250829,8,4,140,84,144.0,88.0,153.9158935546875,153.51617431640625,0.39971923828125
s_bird_212,resnet50_tl_20250829,8,4,140,88,144.0,92.0,153.9158935546875,153.80821228027344,0.1076812744140625
s_bird_212,resnet50_tl_20250829,8,4,140,92,144.0,96.0,153.9158935546875,153.8377685546875,0.078125
s_bird_212,resnet50_tl_20250829,8,4,140,96,144.0,100.0,153.9158935546875,153.83294677734375,0.08294677734375
s_bird_212,resnet50_tl_20250829,8,4,140,100,144.0,104.0,153.9158935546875,153.7796173095703,0.1362762451171875
s_bird_212,resnet50_tl_20250829,8,4,140,104,144.0,108.0,153.9158935546875,153.66732788085938,0.248565673828125
s_bird_212,resnet50_tl_20250829,8,4,140,108,144.0,112.0,153.9158935546875,153.73031616210938,0.185577392578125
s_bird_212,resnet50_tl_20250829,8,4,140,112,144.0,116.0,153.9158935546875,153.61537170410156,0.3005218505859375
s_bird_212,resnet50_tl_20250829,8,4,140,116,144.0,120.0,153.9158935546875,153.77383422851562,0.142059326171875
s_bird_212,resnet50_tl_20250829,8,4,140,120,144.0,124.0,153.9158935546875,153.78707885742188,0.128814697265625
s_bird_212,resnet50_tl_20250829,8,4,140,124,144.0,128.0,153.9158935546875,153.6018829345703,0.3140106201171875
s_bird_212,resnet50_tl_20250829,8,4,140,128,144.0,132.0,153.9158935546875,153.52642822265625,0.38946533203125
s_bird_212,resnet50_tl_20250829,8,4,140,132,144.0,136.0,153.9158935546875,154.08522033691406,-0.1693267822265625
s_bird_212,resnet50_tl_20250829,8,4,140,136,144.0,140.0,153.9158935546875,153.9388427734375,-0.02294921875
s_bird_212,resnet50_tl_20250829,8,4,140,140,144.0,144.0,153.9158935546875,153.67730712890625,0.23858642578125
s_bird_212,resnet50_tl_20250829,8,4,140,144,144.0,148.0,153.9158935546875,153.38861083984375,0.52728271484375
s_bird_212,resnet50_tl_20250829,8,4,140,148,144.0,152.0,153.9158935546875,153.75003051757812,0.165863037109375
s_bird_212,resnet50_tl_20250829,8,4,140,152,144.0,156.0,153.9158935546875,153.79867553710938,0.117218017578125
s_bird_212,resnet50_tl_20250829,8,4,140,156,144.0,160.0,153.9158935546875,153.53724670410156,0.3786468505859375
s_bird_212,resnet50_tl_20250829,8,4,140,160,144.0,164.0,153.9158935546875,153.41751098632812,0.498382568359375
s_bird_212,resnet50_tl_20250829,8,4,140,164,144.0,168.0,153.9158935546875,153.74114990234375,0.17474365234375
s_bird_212,resnet50_tl_20250829,8,4,140,168,144.0,172.0,153.9158935546875,153.767822265625,0.1480712890625
s_bird_212,resnet50_tl_20250829,8,4,140,172,144.0,176.0,153.9158935546875,153.63865661621094,0.2772369384765625
s_bird_212,resnet50_tl_20250829,8,4,140,176,144.0,180.0,153.9158935546875,153.50587463378906,0.4100189208984375
s_bird_212,resnet50_tl_20250829,8,4,140,180,144.0,184.0,153.9158935546875,153.7360382080078,0.1798553466796875
s_bird_212,resnet50_tl_20250829,8,4,140,184,144.0,188.0,153.9158935546875,153.8428955078125,0.072998046875
s_bird_212,resnet50_tl_20250829,8,4,140,188,144.0,192.0,153.9158935546875,153.6719207763672,0.2439727783203125
s_bird_212,resnet50_tl_20250829,8,4,140,192,144.0,196.0,153.9158935546875,153.67742919921875,0.23846435546875
s_bird_212,resnet50_tl_20250829,8,4,140,196,144.0,200.0,153.9158935546875,153.7615966796875,0.154296875
s_bird_212,resnet50_tl_20250829,8,4,140,200,144.0,204.0,153.9158935546875,153.8392333984375,0.07666015625
s_bird_212,resnet50_tl_20250829,8,4,140,204,144.0,208.0,153.9158935546875,153.78489685058594,0.1309967041015625
s_bird_212,resnet50_tl_20250829,8,4,140,208,144.0,212.0,153.9158935546875,153.75387573242188,0.162017822265625
s_bird_212,resnet50_tl_20250829,8,4,140,212,144.0,216.0,153.9158935546875,153.79116821289062,0.124725341796875
s_bird_212,resnet50_tl_20250829,8,4,140,216,144.0,220.0,153.9158935546875,153.8342742919922,0.0816192626953125
s_bird_212,resnet50_tl_20250829,8,4,144,0,148.0,4.0,153.9158935546875,153.68670654296875,0.22918701171875
s_bird_212,resnet50_tl_20250829,8,4,144,4,148.0,8.0,153.9158935546875,153.77870178222656,0.1371917724609375
s_bird_212,resnet50_tl_20250829,8,4,144,8,148.0,12.0,153.9158935546875,153.98236083984375,-0.06646728515625
s_bird_212,resnet50_tl_20250829,8,4,144,12,148.0,16.0,153.9158935546875,153.8121337890625,0.103759765625
s_bird_212,resnet50_tl_20250829,8,4,144,16,148.0,20.0,153.9158935546875,153.74049377441406,0.1753997802734375
s_bird_212,resnet50_tl_20250829,8,4,144,20,148.0,24.0,153.9158935546875,153.71376037597656,0.2021331787109375
s_bird_212,resnet50_tl_20250829,8,4,144,24,148.0,28.0,153.9158935546875,153.9050750732422,0.0108184814453125
s_bird_212,resnet50_tl_20250829,8,4,144,28,148.0,32.0,153.9158935546875,154.02853393554688,-0.112640380859375
s_bird_212,resnet50_tl_20250829,8,4,144,32,148.0,36.0,153.9158935546875,153.78990173339844,0.1259918212890625
s_bird_212,resnet50_tl_20250829,8,4,144,36,148.0,40.0,153.9158935546875,153.9114990234375,0.00439453125
s_bird_212,resnet50_tl_20250829,8,4,144,40,148.0,44.0,153.9158935546875,153.99420166015625,-0.07830810546875
s_bird_212,resnet50_tl_20250829,8,4,144,44,148.0,48.0,153.9158935546875,154.1869354248047,-0.2710418701171875
s_bird_212,resnet50_tl_20250829,8,4,144,48,148.0,52.0,153.9158935546875,154.07630920410156,-0.1604156494140625
s_bird_212,resnet50_tl_20250829,8,4,144,52,148.0,56.0,153.9158935546875,153.90687561035156,0.0090179443359375
s_bird_212,resnet50_tl_20250829,8,4,144,56,148.0,60.0,153.9158935546875,153.8939971923828,0.0218963623046875
s_bird_212,resnet50_tl_20250829,8,4,144,60,148.0,64.0,153.9158935546875,153.9307403564453,-0.0148468017578125
s_bird_212,resnet50_tl_20250829,8,4,144,64,148.0,68.0,153.9158935546875,153.99171447753906,-0.0758209228515625
s_bird_212,resnet50_tl_20250829,8,4,144,68,148.0,72.0,153.9158935546875,153.9775390625,-0.0616455078125
s_bird_212,resnet50_tl_20250829,8,4,144,72,148.0,76.0,153.9158935546875,153.95948791503906,-0.0435943603515625
s_bird_212,resnet50_tl_20250829,8,4,144,76,148.0,80.0,153.9158935546875,153.64085388183594,0.2750396728515625
s_bird_212,resnet50_tl_20250829,8,4,144,80,148.0,84.0,153.9158935546875,153.583251953125,0.3326416015625
s_bird_212,resnet50_tl_20250829,8,4,144,84,148.0,88.0,153.9158935546875,153.6824951171875,0.2333984375
s_bird_212,resnet50_tl_20250829,8,4,144,88,148.0,92.0,153.9158935546875,153.83993530273438,0.075958251953125
s_bird_212,resnet50_tl_20250829,8,4,144,92,148.0,96.0,153.9158935546875,153.9224090576172,-0.0065155029296875
s_bird_212,resnet50_tl_20250829,8,4,144,96,148.0,100.0,153.9158935546875,153.81570434570312,0.100189208984375
s_bird_212,resnet50_tl_20250829,8,4,144,100,148.0,104.0,153.9158935546875,153.74359130859375,0.17230224609375
s_bird_212,resnet50_tl_20250829,8,4,144,104,148.0,108.0,153.9158935546875,153.66014099121094,0.2557525634765625
s_bird_212,resnet50_tl_20250829,8,4,144,108,148.0,112.0,153.9158935546875,153.71165466308594,0.2042388916015625
s_bird_212,resnet50_tl_20250829,8,4,144,112,148.0,116.0,153.9158935546875,153.64108276367188,0.274810791015625
s_bird_212,resnet50_tl_20250829,8,4,144,116,148.0,120.0,153.9158935546875,153.74969482421875,0.16619873046875
s_bird_212,resnet50_tl_20250829,8,4,144,120,148.0,124.0,153.9158935546875,153.61260986328125,0.30328369140625
s_bird_212,resnet50_tl_20250829,8,4,144,124,148.0,128.0,153.9158935546875,153.39682006835938,0.519073486328125
s_bird_212,resnet50_tl_20250829,8,4,144,128,148.0,132.0,153.9158935546875,153.41957092285156,0.4963226318359375
s_bird_212,resnet50_tl_20250829,8,4,144,132,148.0,136.0,153.9158935546875,153.87168884277344,0.0442047119140625
s_bird_212,resnet50_tl_20250829,8,4,144,136,148.0,140.0,153.9158935546875,153.8748779296875,0.041015625
s_bird_212,resnet50_tl_20250829,8,4,144,140,148.0,144.0,153.9158935546875,153.53131103515625,0.38458251953125
s_bird_212,resnet50_tl_20250829,8,4,144,144,148.0,148.0,153.9158935546875,153.42474365234375,0.49114990234375
s_bird_212,resnet50_tl_20250829,8,4,144,148,148.0,152.0,153.9158935546875,153.56820678710938,0.347686767578125
s_bird_212,resnet50_tl_20250829,8,4,144,152,148.0,156.0,153.9158935546875,153.7320098876953,0.1838836669921875
s_bird_212,resnet50_tl_20250829,8,4,144,156,148.0,160.0,153.9158935546875,153.40782165527344,0.5080718994140625
s_bird_212,resnet50_tl_20250829,8,4,144,160,148.0,164.0,153.9158935546875,153.37454223632812,0.541351318359375
s_bird_212,resnet50_tl_20250829,8,4,144,164,148.0,168.0,153.9158935546875,153.5360870361328,0.3798065185546875
s_bird_212,resnet50_tl_20250829,8,4,144,168,148.0,172.0,153.9158935546875,153.68838500976562,0.227508544921875
s_bird_212,resnet50_tl_20250829,8,4,144,172,148.0,176.0,153.9158935546875,153.47093200683594,0.4449615478515625
s_bird_212,resnet50_tl_20250829,8,4,144,176,148.0,180.0,153.9158935546875,153.4743194580078,0.4415740966796875
s_bird_212,resnet50_tl_20250829,8,4,144,180,148.0,184.0,153.9158935546875,153.5825653076172,0.3333282470703125
s_bird_212,resnet50_tl_20250829,8,4,144,184,148.0,188.0,153.9158935546875,153.78131103515625,0.13458251953125
s_bird_212,resnet50_tl_20250829,8,4,144,188,148.0,192.0,153.9158935546875,153.61178588867188,0.304107666015625
s_bird_212,resnet50_tl_20250829,8,4,144,192,148.0,196.0,153.9158935546875,153.67857360839844,0.2373199462890625
s_bird_212,resnet50_tl_20250829,8,4,144,196,148.0,200.0,153.9158935546875,153.7247772216797,0.1911163330078125
s_bird_212,resnet50_tl_20250829,8,4,144,200,148.0,204.0,153.9158935546875,153.81788635253906,0.0980072021484375
s_bird_212,resnet50_tl_20250829,8,4,144,204,148.0,208.0,153.9158935546875,153.73895263671875,0.17694091796875
s_bird_212,resnet50_tl_20250829,8,4,144,208,148.0,212.0,153.9158935546875,153.75108337402344,0.1648101806640625
s_bird_212,resnet50_tl_20250829,8,4,144,212,148.0,216.0,153.9158935546875,153.7576904296875,0.158203125
s_bird_212,resnet50_tl_20250829,8,4,144,216,148.0,220.0,153.9158935546875,153.82284545898438,0.093048095703125
s_bird_212,resnet50_tl_20250829,8,4,148,0,152.0,4.0,153.9158935546875,153.92160034179688,-0.005706787109375
s_bird_212,resnet50_tl_20250829,8,4,148,4,152.0,8.0,153.9158935546875,153.92652893066406,-0.0106353759765625
s_bird_212,resnet50_tl_20250829,8,4,148,8,152.0,12.0,153.9158935546875,154.05758666992188,-0.141693115234375
s_bird_212,resnet50_tl_20250829,8,4,148,12,152.0,16.0,153.9158935546875,154.01376342773438,-0.097869873046875
s_bird_212,resnet50_tl_20250829,8,4,148,16,152.0,20.0,153.9158935546875,153.88238525390625,0.03350830078125
s_bird_212,resnet50_tl_20250829,8,4,148,20,152.0,24.0,153.9158935546875,153.98106384277344,-0.0651702880859375
s_bird_212,resnet50_tl_20250829,8,4,148,24,152.0,28.0,153.9158935546875,153.9305877685547,-0.0146942138671875
s_bird_212,resnet50_tl_20250829,8,4,148,28,152.0,32.0,153.9158935546875,153.9798126220703,-0.0639190673828125
s_bird_212,resnet50_tl_20250829,8,4,148,32,152.0,36.0,153.9158935546875,153.7519989013672,0.1638946533203125
s_bird_212,resnet50_tl_20250829,8,4,148,36,152.0,40.0,153.9158935546875,153.83436584472656,0.0815277099609375
s_bird_212,resnet50_tl_20250829,8,4,148,40,152.0,44.0,153.9158935546875,153.77967834472656,0.1362152099609375
s_bird_212,resnet50_tl_20250829,8,4,148,44,152.0,48.0,153.9158935546875,153.90988159179688,0.006011962890625
s_bird_212,resnet50_tl_20250829,8,4,148,48,152.0,52.0,153.9158935546875,153.81982421875,0.0960693359375
s_bird_212,resnet50_tl_20250829,8,4,148,52,152.0,56.0,153.9158935546875,153.9088897705078,0.0070037841796875
s_bird_212,resnet50_tl_20250829,8,4,148,56,152.0,60.0,153.9158935546875,153.79904174804688,0.116851806640625
s_bird_212,resnet50_tl_20250829,8,4,148,60,152.0,64.0,153.9158935546875,153.9266815185547,-0.0107879638671875
s_bird_212,resnet50_tl_20250829,8,4,148,64,152.0,68.0,153.9158935546875,153.83859252929688,0.077301025390625
s_bird_212,resnet50_tl_20250829,8,4,148,68,152.0,72.0,153.9158935546875,153.98484802246094,-0.0689544677734375
s_bird_212,resnet50_tl_20250829,8,4,148,72,152.0,76.0,153.9158935546875,153.91224670410156,0.0036468505859375
s_bird_212,resnet50_tl_20250829,8,4,148,76,152.0,80.0,153.9158935546875,153.9747772216797,-0.0588836669921875
s_bird_212,resnet50_tl_20250829,8,4,148,80,152.0,84.0,153.9158935546875,153.84756469726562,0.068328857421875
s_bird_212,resnet50_tl_20250829,8,4,148,84,152.0,88.0,153.9158935546875,153.83229064941406,0.0836029052734375
s_bird_212,resnet50_tl_20250829,8,4,148,88,152.0,92.0,153.9158935546875,153.6679229736328,0.2479705810546875
s_bird_212,resnet50_tl_20250829,8,4,148,92,152.0,96.0,153.9158935546875,153.86813354492188,0.047760009765625
s_bird_212,resnet50_tl_20250829,8,4,148,96,152.0,100.0,153.9158935546875,153.81033325195312,0.105560302734375
s_bird_212,resnet50_tl_20250829,8,4,148,100,152.0,104.0,153.9158935546875,153.74270629882812,0.173187255859375
s_bird_212,resnet50_tl_20250829,8,4,148,104,152.0,108.0,153.9158935546875,153.666748046875,0.2491455078125
s_bird_212,resnet50_tl_20250829,8,4,148,108,152.0,112.0,153.9158935546875,153.6405792236328,0.2753143310546875
s_bird_212,resnet50_tl_20250829,8,4,148,112,152.0,116.0,153.9158935546875,153.60232543945312,0.313568115234375
s_bird_212,resnet50_tl_20250829,8,4,148,116,152.0,120.0,153.9158935546875,153.6185302734375,0.29736328125
s_bird_212,resnet50_tl_20250829,8,4,148,120,152.0,124.0,153.9158935546875,153.7079315185547,0.2079620361328125
s_bird_212,resnet50_tl_20250829,8,4,148,124,152.0,128.0,153.9158935546875,153.7844696044922,0.1314239501953125
s_bird_212,resnet50_tl_20250829,8,4,148,128,152.0,132.0,153.9158935546875,153.74624633789062,0.169647216796875
s_bird_212,resnet50_tl_20250829,8,4,148,132,152.0,136.0,153.9158935546875,153.79299926757812,0.122894287109375
s_bird_212,resnet50_tl_20250829,8,4,148,136,152.0,140.0,153.9158935546875,153.7473907470703,0.1685028076171875
s_bird_212,resnet50_tl_20250829,8,4,148,140,152.0,144.0,153.9158935546875,153.86285400390625,0.05303955078125
s_bird_212,resnet50_tl_20250829,8,4,148,144,152.0,148.0,153.9158935546875,153.8315887451172,0.0843048095703125
s_bird_212,resnet50_tl_20250829,8,4,148,148,152.0,152.0,153.9158935546875,153.91807556152344,-0.0021820068359375
s_bird_212,resnet50_tl_20250829,8,4,148,152,152.0,156.0,153.9158935546875,153.8023681640625,0.113525390625
s_bird_212,resnet50_tl_20250829,8,4,148,156,152.0,160.0,153.9158935546875,153.80787658691406,0.1080169677734375
s_bird_212,resnet50_tl_20250829,8,4,148,160,152.0,164.0,153.9158935546875,153.68890380859375,0.22698974609375
s_bird_212,resnet50_tl_20250829,8,4,148,164,152.0,168.0,153.9158935546875,153.8547821044922,0.0611114501953125
s_bird_212,resnet50_tl_20250829,8,4,148,168,152.0,172.0,153.9158935546875,153.71768188476562,0.198211669921875
s_bird_212,resnet50_tl_20250829,8,4,148,172,152.0,176.0,153.9158935546875,153.8402099609375,0.07568359375
s_bird_212,resnet50_tl_20250829,8,4,148,176,152.0,180.0,153.9158935546875,153.8103790283203,0.1055145263671875
s_bird_212,resnet50_tl_20250829,8,4,148,180,152.0,184.0,153.9158935546875,153.87930297851562,0.036590576171875
s_bird_212,resnet50_tl_20250829,8,4,148,184,152.0,188.0,153.9158935546875,153.83114624023438,0.084747314453125
s_bird_212,resnet50_tl_20250829,8,4,148,188,152.0,192.0,153.9158935546875,153.87298583984375,0.04290771484375
s_bird_212,resnet50_tl_20250829,8,4,148,192,152.0,196.0,153.9158935546875,153.9414520263672,-0.0255584716796875
s_bird_212,resnet50_tl_20250829,8,4,148,196,152.0,200.0,153.9158935546875,153.9051513671875,0.0107421875
s_bird_212,resnet50_tl_20250829,8,4,148,200,152.0,204.0,153.9158935546875,153.84414672851562,0.071746826171875
s_bird_212,resnet50_tl_20250829,8,4,148,204,152.0,208.0,153.9158935546875,153.91952514648438,-0.003631591796875
s_bird_212,resnet50_tl_20250829,8,4,148,208,152.0,212.0,153.9158935546875,153.95750427246094,-0.0416107177734375
s_bird_212,resnet50_tl_20250829,8,4,148,212,152.0,216.0,153.9158935546875,153.8720703125,0.0438232421875
s_bird_212,resnet50_tl_20250829,8,4,148,216,152.0,220.0,153.9158935546875,153.81838989257812,0.097503662109375
s_bird_212,resnet50_tl_20250829,8,4,152,0,156.0,4.0,153.9158935546875,153.77027893066406,0.1456146240234375
s_bird_212,resnet50_tl_20250829,8,4,152,4,156.0,8.0,153.9158935546875,153.78684997558594,0.1290435791015625
s_bird_212,resnet50_tl_20250829,8,4,152,8,156.0,12.0,153.9158935546875,153.93617248535156,-0.0202789306640625
s_bird_212,resnet50_tl_20250829,8,4,152,12,156.0,16.0,153.9158935546875,153.810302734375,0.1055908203125
s_bird_212,resnet50_tl_20250829,8,4,152,16,156.0,20.0,153.9158935546875,153.8331756591797,0.0827178955078125
s_bird_212,resnet50_tl_20250829,8,4,152,20,156.0,24.0,153.9158935546875,153.8763885498047,0.0395050048828125
s_bird_212,resnet50_tl_20250829,8,4,152,24,156.0,28.0,153.9158935546875,153.97314453125,-0.0572509765625
s_bird_212,resnet50_tl_20250829,8,4,152,28,156.0,32.0,153.9158935546875,153.92127990722656,-0.0053863525390625
s_bird_212,resnet50_tl_20250829,8,4,152,32,156.0,36.0,153.9158935546875,153.72886657714844,0.1870269775390625
s_bird_212,resnet50_tl_20250829,8,4,152,36,156.0,40.0,153.9158935546875,153.77426147460938,0.141632080078125
s_bird_212,resnet50_tl_20250829,8,4,152,40,156.0,44.0,153.9158935546875,153.79518127441406,0.1207122802734375
s_bird_212,resnet50_tl_20250829,8,4,152,44,156.0,48.0,153.9158935546875,153.79115295410156,0.1247406005859375
s_bird_212,resnet50_tl_20250829,8,4,152,48,156.0,52.0,153.9158935546875,153.7041778564453,0.2117156982421875
s_bird_212,resnet50_tl_20250829,8,4,152,52,156.0,56.0,153.9158935546875,153.72433471679688,0.191558837890625
s_bird_212,resnet50_tl_20250829,8,4,152,56,156.0,60.0,153.9158935546875,153.73141479492188,0.184478759765625
s_bird_212,resnet50_tl_20250829,8,4,152,60,156.0,64.0,153.9158935546875,153.7526397705078,0.1632537841796875
s_bird_212,resnet50_tl_20250829,8,4,152,64,156.0,68.0,153.9158935546875,153.70510864257812,0.210784912109375
s_bird_212,resnet50_tl_20250829,8,4,152,68,156.0,72.0,153.9158935546875,153.80010986328125,0.11578369140625
s_bird_212,resnet50_tl_20250829,8,4,152,72,156.0,76.0,153.9158935546875,153.85769653320312,0.058197021484375
s_bird_212,resnet50_tl_20250829,8,4,152,76,156.0,80.0,153.9158935546875,153.71435546875,0.2015380859375
s_bird_212,resnet50_tl_20250829,8,4,152,80,156.0,84.0,153.9158935546875,153.7161102294922,0.1997833251953125
s_bird_212,resnet50_tl_20250829,8,4,152,84,156.0,88.0,153.9158935546875,153.74710083007812,0.168792724609375
s_bird_212,resnet50_tl_20250829,8,4,152,88,156.0,92.0,153.9158935546875,153.717529296875,0.1983642578125
s_bird_212,resnet50_tl_20250829,8,4,152,92,156.0,96.0,153.9158935546875,153.6783447265625,0.237548828125
s_bird_212,resnet50_tl_20250829,8,4,152,96,156.0,100.0,153.9158935546875,153.6913299560547,0.2245635986328125
s_bird_212,resnet50_tl_20250829,8,4,152,100,156.0,104.0,153.9158935546875,153.64434814453125,0.27154541015625
s_bird_212,resnet50_tl_20250829,8,4,152,104,156.0,108.0,153.9158935546875,153.64024353027344,0.2756500244140625
s_bird_212,resnet50_tl_20250829,8,4,152,108,156.0,112.0,153.9158935546875,153.6866455078125,0.229248046875
s_bird_212,resnet50_tl_20250829,8,4,152,112,156.0,116.0,153.9158935546875,153.6566619873047,0.2592315673828125
s_bird_212,resnet50_tl_20250829,8,4,152,116,156.0,120.0,153.9158935546875,153.627197265625,0.2886962890625
s_bird_212,resnet50_tl_20250829,8,4,152,120,156.0,124.0,153.9158935546875,153.7113494873047,0.2045440673828125
s_bird_212,resnet50_tl_20250829,8,4,152,124,156.0,128.0,153.9158935546875,153.78013610839844,0.1357574462890625
s_bird_212,resnet50_tl_20250829,8,4,152,128,156.0,132.0,153.9158935546875,153.7659454345703,0.1499481201171875
s_bird_212,resnet50_tl_20250829,8,4,152,132,156.0,136.0,153.9158935546875,153.7035675048828,0.2123260498046875
s_bird_212,resnet50_tl_20250829,8,4,152,136,156.0,140.0,153.9158935546875,153.55422973632812,0.361663818359375
s_bird_212,resnet50_tl_20250829,8,4,152,140,156.0,144.0,153.9158935546875,153.37158203125,0.5443115234375
s_bird_212,resnet50_tl_20250829,8,4,152,144,156.0,148.0,153.9158935546875,153.49002075195312,0.425872802734375
s_bird_212,resnet50_tl_20250829,8,4,152,148,156.0,152.0,153.9158935546875,153.6327362060547,0.2831573486328125
s_bird_212,resnet50_tl_20250829,8,4,152,152,156.0,156.0,153.9158935546875,153.63050842285156,0.2853851318359375
s_bird_212,resnet50_tl_20250829,8,4,152,156,156.0,160.0,153.9158935546875,153.33535766601562,0.580535888671875
s_bird_212,resnet50_tl_20250829,8,4,152,160,156.0,164.0,153.9158935546875,153.2613067626953,0.6545867919921875
s_bird_212,resnet50_tl_20250829,8,4,152,164,156.0,168.0,153.9158935546875,153.41998291015625,0.49591064453125
s_bird_212,resnet50_tl_20250829,8,4,152,168,156.0,172.0,153.9158935546875,153.55897521972656,0.3569183349609375
s_bird_212,resnet50_tl_20250829,8,4,152,172,156.0,176.0,153.9158935546875,153.45404052734375,0.46185302734375
s_bird_212,resnet50_tl_20250829,8,4,152,176,156.0,180.0,153.9158935546875,153.46934509277344,0.4465484619140625
s_bird_212,resnet50_tl_20250829,8,4,152,180,156.0,184.0,153.9158935546875,153.54904174804688,0.366851806640625
s_bird_212,resnet50_tl_20250829,8,4,152,184,156.0,188.0,153.9158935546875,153.6973876953125,0.218505859375
s_bird_212,resnet50_tl_20250829,8,4,152,188,156.0,192.0,153.9158935546875,153.61428833007812,0.301605224609375
s_bird_212,resnet50_tl_20250829,8,4,152,192,156.0,196.0,153.9158935546875,153.67611694335938,0.239776611328125
s_bird_212,resnet50_tl_20250829,8,4,152,196,156.0,200.0,153.9158935546875,153.69871520996094,0.2171783447265625
s_bird_212,resnet50_tl_20250829,8,4,152,200,156.0,204.0,153.9158935546875,153.79043579101562,0.125457763671875
s_bird_212,resnet50_tl_20250829,8,4,152,204,156.0,208.0,153.9158935546875,153.82647705078125,0.08941650390625
s_bird_212,resnet50_tl_20250829,8,4,152,208,156.0,212.0,153.9158935546875,153.85939025878906,0.0565032958984375
s_bird_212,resnet50_tl_20250829,8,4,152,212,156.0,216.0,153.9158935546875,153.7875213623047,0.1283721923828125
s_bird_212,resnet50_tl_20250829,8,4,152,216,156.0,220.0,153.9158935546875,153.8135986328125,0.102294921875
s_bird_212,resnet50_tl_20250829,8,4,156,0,160.0,4.0,153.9158935546875,153.6122589111328,0.3036346435546875
s_bird_212,resnet50_tl_20250829,8,4,156,4,160.0,8.0,153.9158935546875,153.77671813964844,0.1391754150390625
s_bird_212,resnet50_tl_20250829,8,4,156,8,160.0,12.0,153.9158935546875,153.92236328125,-0.0064697265625
s_bird_212,resnet50_tl_20250829,8,4,156,12,160.0,16.0,153.9158935546875,153.80136108398438,0.114532470703125
s_bird_212,resnet50_tl_20250829,8,4,156,16,160.0,20.0,153.9158935546875,153.7886962890625,0.127197265625
s_bird_212,resnet50_tl_20250829,8,4,156,20,160.0,24.0,153.9158935546875,154.0063934326172,-0.0904998779296875
s_bird_212,resnet50_tl_20250829,8,4,156,24,160.0,28.0,153.9158935546875,153.90953063964844,0.0063629150390625
s_bird_212,resnet50_tl_20250829,8,4,156,28,160.0,32.0,153.9158935546875,153.76773071289062,0.148162841796875
s_bird_212,resnet50_tl_20250829,8,4,156,32,160.0,36.0,153.9158935546875,153.57957458496094,0.3363189697265625
s_bird_212,resnet50_tl_20250829,8,4,156,36,160.0,40.0,153.9158935546875,153.83111572265625,0.08477783203125
s_bird_212,resnet50_tl_20250829,8,4,156,40,160.0,44.0,153.9158935546875,153.81275939941406,0.1031341552734375
s_bird_212,resnet50_tl_20250829,8,4,156,44,160.0,48.0,153.9158935546875,153.8260040283203,0.0898895263671875
s_bird_212,resnet50_tl_20250829,8,4,156,48,160.0,52.0,153.9158935546875,153.67979431152344,0.2360992431640625
s_bird_212,resnet50_tl_20250829,8,4,156,52,160.0,56.0,153.9158935546875,153.8741912841797,0.0417022705078125
s_bird_212,resnet50_tl_20250829,8,4,156,56,160.0,60.0,153.9158935546875,153.7464599609375,0.16943359375
s_bird_212,resnet50_tl_20250829,8,4,156,60,160.0,64.0,153.9158935546875,153.69479370117188,0.221099853515625
s_bird_212,resnet50_tl_20250829,8,4,156,64,160.0,68.0,153.9158935546875,153.60704040527344,0.3088531494140625
s_bird_212,resnet50_tl_20250829,8,4,156,68,160.0,72.0,153.9158935546875,153.85948181152344,0.0564117431640625
s_bird_212,resnet50_tl_20250829,8,4,156,72,160.0,76.0,153.9158935546875,153.82229614257812,0.093597412109375
s_bird_212,resnet50_tl_20250829,8,4,156,76,160.0,80.0,153.9158935546875,153.60891723632812,0.306976318359375
s_bird_212,resnet50_tl_20250829,8,4,156,80,160.0,84.0,153.9158935546875,153.5223388671875,0.3935546875
s_bird_212,resnet50_tl_20250829,8,4,156,84,160.0,88.0,153.9158935546875,153.6993408203125,0.216552734375
s_bird_212,resnet50_tl_20250829,8,4,156,88,160.0,92.0,153.9158935546875,153.70816040039062,0.207733154296875
s_bird_212,resnet50_tl_20250829,8,4,156,92,160.0,96.0,153.9158935546875,153.6134490966797,0.3024444580078125
s_bird_212,resnet50_tl_20250829,8,4,156,96,160.0,100.0,153.9158935546875,153.62908935546875,0.28680419921875
s_bird_212,resnet50_tl_20250829,8,4,156,100,160.0,104.0,153.9158935546875,153.7435302734375,0.17236328125
s_bird_212,resnet50_tl_20250829,8,4,156,104,160.0,108.0,153.9158935546875,153.70635986328125,0.20953369140625
s_bird_212,resnet50_tl_20250829,8,4,156,108,160.0,112.0,153.9158935546875,153.7716064453125,0.144287109375
s_bird_212,resnet50_tl_20250829,8,4,156,112,160.0,116.0,153.9158935546875,153.72972106933594,0.1861724853515625
s_bird_212,resnet50_tl_20250829,8,4,156,116,160.0,120.0,153.9158935546875,153.65380859375,0.2620849609375
s_bird_212,resnet50_tl_20250829,8,4,156,120,160.0,124.0,153.9158935546875,153.72091674804688,0.194976806640625
s_bird_212,resnet50_tl_20250829,8,4,156,124,160.0,128.0,153.9158935546875,153.72467041015625,0.19122314453125
s_bird_212,resnet50_tl_20250829,8,4,156,128,160.0,132.0,153.9158935546875,153.77264404296875,0.14324951171875
s_bird_212,resnet50_tl_20250829,8,4,156,132,160.0,136.0,153.9158935546875,153.98562622070312,-0.069732666015625
s_bird_212,resnet50_tl_20250829,8,4,156,136,160.0,140.0,153.9158935546875,153.6851043701172,0.2307891845703125
s_bird_212,resnet50_tl_20250829,8,4,156,140,160.0,144.0,153.9158935546875,153.11865234375,0.7972412109375
s_bird_212,resnet50_tl_20250829,8,4,156,144,160.0,148.0,153.9158935546875,153.1634063720703,0.7524871826171875
s_bird_212,resnet50_tl_20250829,8,4,156,148,160.0,152.0,153.9158935546875,153.7266845703125,0.189208984375
s_bird_212,resnet50_tl_20250829,8,4,156,152,160.0,156.0,153.9158935546875,153.7264862060547,0.1894073486328125
s_bird_212,resnet50_tl_20250829,8,4,156,156,160.0,160.0,153.9158935546875,153.09716796875,0.8187255859375
s_bird_212,resnet50_tl_20250829,8,4,156,160,160.0,164.0,153.9158935546875,152.95982360839844,0.9560699462890625
s_bird_212,resnet50_tl_20250829,8,4,156,164,160.0,168.0,153.9158935546875,153.5010986328125,0.414794921875
s_bird_212,resnet50_tl_20250829,8,4,156,168,160.0,172.0,153.9158935546875,153.66920471191406,0.2466888427734375
s_bird_212,resnet50_tl_20250829,8,4,156,172,160.0,176.0,153.9158935546875,153.38462829589844,0.5312652587890625
s_bird_212,resnet50_tl_20250829,8,4,156,176,160.0,180.0,153.9158935546875,153.3335723876953,0.5823211669921875
s_bird_212,resnet50_tl_20250829,8,4,156,180,160.0,184.0,153.9158935546875,153.61529541015625,0.30059814453125
s_bird_212,resnet50_tl_20250829,8,4,156,184,160.0,188.0,153.9158935546875,153.78538513183594,0.1305084228515625
s_bird_212,resnet50_tl_20250829,8,4,156,188,160.0,192.0,153.9158935546875,153.46990966796875,0.44598388671875
s_bird_212,resnet50_tl_20250829,8,4,156,192,160.0,196.0,153.9158935546875,153.5258331298828,0.3900604248046875
s_bird_212,resnet50_tl_20250829,8,4,156,196,160.0,200.0,153.9158935546875,153.65927124023438,0.256622314453125
s_bird_212,resnet50_tl_20250829,8,4,156,200,160.0,204.0,153.9158935546875,153.84530639648438,0.070587158203125
s_bird_212,resnet50_tl_20250829,8,4,156,204,160.0,208.0,153.9158935546875,153.77247619628906,0.1434173583984375
s_bird_212,resnet50_tl_20250829,8,4,156,208,160.0,212.0,153.9158935546875,153.77340698242188,0.142486572265625
s_bird_212,resnet50_tl_20250829,8,4,156,212,160.0,216.0,153.9158935546875,153.77520751953125,0.14068603515625
s_bird_212,resnet50_tl_20250829,8,4,156,216,160.0,220.0,153.9158935546875,153.82286071777344,0.0930328369140625
s_bird_212,resnet50_tl_20250829,8,4,160,0,164.0,4.0,153.9158935546875,153.61734008789062,0.298553466796875
s_bird_212,resnet50_tl_20250829,8,4,160,4,164.0,8.0,153.9158935546875,153.7074432373047,0.2084503173828125
s_bird_212,resnet50_tl_20250829,8,4,160,8,164.0,12.0,153.9158935546875,153.84825134277344,0.0676422119140625
s_bird_212,resnet50_tl_20250829,8,4,160,12,164.0,16.0,153.9158935546875,153.66246032714844,0.2534332275390625
s_bird_212,resnet50_tl_20250829,8,4,160,16,164.0,20.0,153.9158935546875,153.71966552734375,0.19622802734375
s_bird_212,resnet50_tl_20250829,8,4,160,20,164.0,24.0,153.9158935546875,153.71173095703125,0.20416259765625
s_bird_212,resnet50_tl_20250829,8,4,160,24,164.0,28.0,153.9158935546875,153.8009033203125,0.114990234375
s_bird_212,resnet50_tl_20250829,8,4,160,28,164.0,32.0,153.9158935546875,153.52127075195312,0.394622802734375
s_bird_212,resnet50_tl_20250829,8,4,160,32,164.0,36.0,153.9158935546875,153.53872680664062,0.377166748046875
s_bird_212,resnet50_tl_20250829,8,4,160,36,164.0,40.0,153.9158935546875,153.6205596923828,0.2953338623046875
s_bird_212,resnet50_tl_20250829,8,4,160,40,164.0,44.0,153.9158935546875,153.7365264892578,0.1793670654296875
s_bird_212,resnet50_tl_20250829,8,4,160,44,164.0,48.0,153.9158935546875,153.62680053710938,0.289093017578125
s_bird_212,resnet50_tl_20250829,8,4,160,48,164.0,52.0,153.9158935546875,153.61468505859375,0.30120849609375
s_bird_212,resnet50_tl_20250829,8,4,160,52,164.0,56.0,153.9158935546875,153.6621551513672,0.2537384033203125
s_bird_212,resnet50_tl_20250829,8,4,160,56,164.0,60.0,153.9158935546875,153.690185546875,0.2257080078125
s_bird_212,resnet50_tl_20250829,8,4,160,60,164.0,64.0,153.9158935546875,153.5187225341797,0.3971710205078125
s_bird_212,resnet50_tl_20250829,8,4,160,64,164.0,68.0,153.9158935546875,153.5666046142578,0.3492889404296875
s_bird_212,resnet50_tl_20250829,8,4,160,68,164.0,72.0,153.9158935546875,153.69552612304688,0.220367431640625
s_bird_212,resnet50_tl_20250829,8,4,160,72,164.0,76.0,153.9158935546875,153.7252655029297,0.1906280517578125
s_bird_212,resnet50_tl_20250829,8,4,160,76,164.0,80.0,153.9158935546875,153.47201538085938,0.443878173828125
s_bird_212,resnet50_tl_20250829,8,4,160,80,164.0,84.0,153.9158935546875,153.46995544433594,0.4459381103515625
s_bird_212,resnet50_tl_20250829,8,4,160,84,164.0,88.0,153.9158935546875,153.5572509765625,0.358642578125
s_bird_212,resnet50_tl_20250829,8,4,160,88,164.0,92.0,153.9158935546875,153.65367126464844,0.2622222900390625
s_bird_212,resnet50_tl_20250829,8,4,160,92,164.0,96.0,153.9158935546875,153.57305908203125,0.34283447265625
s_bird_212,resnet50_tl_20250829,8,4,160,96,164.0,100.0,153.9158935546875,153.56069946289062,0.355194091796875
s_bird_212,resnet50_tl_20250829,8,4,160,100,164.0,104.0,153.9158935546875,153.75076293945312,0.165130615234375
s_bird_212,resnet50_tl_20250829,8,4,160,104,164.0,108.0,153.9158935546875,153.72134399414062,0.194549560546875
s_bird_212,resnet50_tl_20250829,8,4,160,108,164.0,112.0,153.9158935546875,153.71722412109375,0.19866943359375
s_bird_212,resnet50_tl_20250829,8,4,160,112,164.0,116.0,153.9158935546875,153.78805541992188,0.127838134765625
s_bird_212,resnet50_tl_20250829,8,4,160,116,164.0,120.0,153.9158935546875,153.701904296875,0.2139892578125
s_bird_212,resnet50_tl_20250829,8,4,160,120,164.0,124.0,153.9158935546875,153.77989196777344,0.1360015869140625
s_bird_212,resnet50_tl_20250829,8,4,160,124,164.0,128.0,153.9158935546875,153.73391723632812,0.181976318359375
s_bird_212,resnet50_tl_20250829,8,4,160,128,164.0,132.0,153.9158935546875,153.80419921875,0.1116943359375
s_bird_212,resnet50_tl_20250829,8,4,160,132,164.0,136.0,153.9158935546875,153.8790740966797,0.0368194580078125
s_bird_212,resnet50_tl_20250829,8,4,160,136,164.0,140.0,153.9158935546875,153.7014923095703,0.2144012451171875
s_bird_212,resnet50_tl_20250829,8,4,160,140,164.0,144.0,153.9158935546875,153.02566528320312,0.890228271484375
s_bird_212,resnet50_tl_20250829,8,4,160,144,164.0,148.0,153.9158935546875,153.0618438720703,0.8540496826171875
s_bird_212,resnet50_tl_20250829,8,4,160,148,164.0,152.0,153.9158935546875,153.45921325683594,0.4566802978515625
s_bird_212,resnet50_tl_20250829,8,4,160,152,164.0,156.0,153.9158935546875,153.54812622070312,0.367767333984375
s_bird_212,resnet50_tl_20250829,8,4,160,156,164.0,160.0,153.9158935546875,153.1202392578125,0.795654296875
s_bird_212,resnet50_tl_20250829,8,4,160,160,164.0,164.0,153.9158935546875,153.03482055664062,0.881072998046875
s_bird_212,resnet50_tl_20250829,8,4,160,164,164.0,168.0,153.9158935546875,153.3660125732422,0.5498809814453125
s_bird_212,resnet50_tl_20250829,8,4,160,168,164.0,172.0,153.9158935546875,153.59019470214844,0.3256988525390625
s_bird_212,resnet50_tl_20250829,8,4,160,172,164.0,176.0,153.9158935546875,153.26260375976562,0.653289794921875
s_bird_212,resnet50_tl_20250829,8,4,160,176,164.0,180.0,153.9158935546875,153.33729553222656,0.5785980224609375
s_bird_212,resnet50_tl_20250829,8,4,160,180,164.0,184.0,153.9158935546875,153.51902770996094,0.3968658447265625
s_bird_212,resnet50_tl_20250829,8,4,160,184,164.0,188.0,153.9158935546875,153.73207092285156,0.1838226318359375
s_bird_212,resnet50_tl_20250829,8,4,160,188,164.0,192.0,153.9158935546875,153.4639434814453,0.4519500732421875
s_bird_212,resnet50_tl_20250829,8,4,160,192,164.0,196.0,153.9158935546875,153.55465698242188,0.361236572265625
s_bird_212,resnet50_tl_20250829,8,4,160,196,164.0,200.0,153.9158935546875,153.6613006591797,0.2545928955078125
s_bird_212,resnet50_tl_20250829,8,4,160,200,164.0,204.0,153.9158935546875,153.8195037841797,0.0963897705078125
s_bird_212,resnet50_tl_20250829,8,4,160,204,164.0,208.0,153.9158935546875,153.7404022216797,0.1754913330078125
s_bird_212,resnet50_tl_20250829,8,4,160,208,164.0,212.0,153.9158935546875,153.7791290283203,0.1367645263671875
s_bird_212,resnet50_tl_20250829,8,4,160,212,164.0,216.0,153.9158935546875,153.76011657714844,0.1557769775390625
s_bird_212,resnet50_tl_20250829,8,4,160,216,164.0,220.0,153.9158935546875,153.83592224121094,0.0799713134765625
s_bird_212,resnet50_tl_20250829,8,4,164,0,168.0,4.0,153.9158935546875,153.8217315673828,0.0941619873046875
s_bird_212,resnet50_tl_20250829,8,4,164,4,168.0,8.0,153.9158935546875,153.7843017578125,0.131591796875
s_bird_212,resnet50_tl_20250829,8,4,164,8,168.0,12.0,153.9158935546875,153.8787384033203,0.0371551513671875
s_bird_212,resnet50_tl_20250829,8,4,164,12,168.0,16.0,153.9158935546875,153.91078186035156,0.0051116943359375
s_bird_212,resnet50_tl_20250829,8,4,164,16,168.0,20.0,153.9158935546875,153.87249755859375,0.04339599609375
s_bird_212,resnet50_tl_20250829,8,4,164,20,168.0,24.0,153.9158935546875,153.8717041015625,0.044189453125
s_bird_212,resnet50_tl_20250829,8,4,164,24,168.0,28.0,153.9158935546875,153.82078552246094,0.0951080322265625
s_bird_212,resnet50_tl_20250829,8,4,164,28,168.0,32.0,153.9158935546875,153.8813934326172,0.0345001220703125
s_bird_212,resnet50_tl_20250829,8,4,164,32,168.0,36.0,153.9158935546875,153.7864990234375,0.12939453125
s_bird_212,resnet50_tl_20250829,8,4,164,36,168.0,40.0,153.9158935546875,153.78013610839844,0.1357574462890625
s_bird_212,resnet50_tl_20250829,8,4,164,40,168.0,44.0,153.9158935546875,153.74554443359375,0.17034912109375
s_bird_212,resnet50_tl_20250829,8,4,164,44,168.0,48.0,153.9158935546875,153.85142517089844,0.0644683837890625
s_bird_212,resnet50_tl_20250829,8,4,164,48,168.0,52.0,153.9158935546875,153.8038330078125,0.112060546875
s_bird_212,resnet50_tl_20250829,8,4,164,52,168.0,56.0,153.9158935546875,153.81158447265625,0.10430908203125
s_bird_212,resnet50_tl_20250829,8,4,164,56,168.0,60.0,153.9158935546875,153.7214813232422,0.1944122314453125
s_bird_212,resnet50_tl_20250829,8,4,164,60,168.0,64.0,153.9158935546875,153.78836059570312,0.127532958984375
s_bird_212,resnet50_tl_20250829,8,4,164,64,168.0,68.0,153.9158935546875,153.78985595703125,0.12603759765625
s_bird_212,resnet50_tl_20250829,8,4,164,68,168.0,72.0,153.9158935546875,153.7875518798828,0.1283416748046875
s_bird_212,resnet50_tl_20250829,8,4,164,72,168.0,76.0,153.9158935546875,153.69674682617188,0.219146728515625
s_bird_212,resnet50_tl_20250829,8,4,164,76,168.0,80.0,153.9158935546875,153.7167510986328,0.1991424560546875
s_bird_212,resnet50_tl_20250829,8,4,164,80,168.0,84.0,153.9158935546875,153.8365020751953,0.0793914794921875
s_bird_212,resnet50_tl_20250829,8,4,164,84,168.0,88.0,153.9158935546875,153.93118286132812,-0.015289306640625
s_bird_212,resnet50_tl_20250829,8,4,164,88,168.0,92.0,153.9158935546875,153.93943786621094,-0.0235443115234375
s_bird_212,resnet50_tl_20250829,8,4,164,92,168.0,96.0,153.9158935546875,153.9435577392578,-0.0276641845703125
s_bird_212,resnet50_tl_20250829,8,4,164,96,168.0,100.0,153.9158935546875,153.72776794433594,0.1881256103515625
s_bird_212,resnet50_tl_20250829,8,4,164,100,168.0,104.0,153.9158935546875,153.87095642089844,0.0449371337890625
s_bird_212,resnet50_tl_20250829,8,4,164,104,168.0,108.0,153.9158935546875,153.66221618652344,0.2536773681640625
s_bird_212,resnet50_tl_20250829,8,4,164,108,168.0,112.0,153.9158935546875,153.5689697265625,0.346923828125
s_bird_212,resnet50_tl_20250829,8,4,164,112,168.0,116.0,153.9158935546875,153.6388702392578,0.2770233154296875
s_bird_212,resnet50_tl_20250829,8,4,164,116,168.0,120.0,153.9158935546875,153.59024047851562,0.325653076171875
s_bird_212,resnet50_tl_20250829,8,4,164,120,168.0,124.0,153.9158935546875,153.6927947998047,0.2230987548828125
s_bird_212,resnet50_tl_20250829,8,4,164,124,168.0,128.0,153.9158935546875,153.5773162841797,0.3385772705078125
s_bird_212,resnet50_tl_20250829,8,4,164,128,168.0,132.0,153.9158935546875,153.45440673828125,0.46148681640625
s_bird_212,resnet50_tl_20250829,8,4,164,132,168.0,136.0,153.9158935546875,153.71212768554688,0.203765869140625
s_bird_212,resnet50_tl_20250829,8,4,164,136,168.0,140.0,153.9158935546875,153.78468322753906,0.1312103271484375
s_bird_212,resnet50_tl_20250829,8,4,164,140,168.0,144.0,153.9158935546875,153.73788452148438,0.178009033203125
s_bird_212,resnet50_tl_20250829,8,4,164,144,168.0,148.0,153.9158935546875,153.6072998046875,0.30859375
s_bird_212,resnet50_tl_20250829,8,4,164,148,168.0,152.0,153.9158935546875,153.64862060546875,0.26727294921875
s_bird_212,resnet50_tl_20250829,8,4,164,152,168.0,156.0,153.9158935546875,153.60581970214844,0.3100738525390625
s_bird_212,resnet50_tl_20250829,8,4,164,156,168.0,160.0,153.9158935546875,153.6490478515625,0.266845703125
s_bird_212,resnet50_tl_20250829,8,4,164,160,168.0,164.0,153.9158935546875,153.55508422851562,0.360809326171875
s_bird_212,resnet50_tl_20250829,8,4,164,164,168.0,168.0,153.9158935546875,153.64674377441406,0.2691497802734375
s_bird_212,resnet50_tl_20250829,8,4,164,168,168.0,172.0,153.9158935546875,153.6154022216797,0.3004913330078125
s_bird_212,resnet50_tl_20250829,8,4,164,172,168.0,176.0,153.9158935546875,153.6859588623047,0.2299346923828125
s_bird_212,resnet50_tl_20250829,8,4,164,176,168.0,180.0,153.9158935546875,153.7399444580078,0.1759490966796875
s_bird_212,resnet50_tl_20250829,8,4,164,180,168.0,184.0,153.9158935546875,153.7757110595703,0.1401824951171875
s_bird_212,resnet50_tl_20250829,8,4,164,184,168.0,188.0,153.9158935546875,153.75543212890625,0.16046142578125
s_bird_212,resnet50_tl_20250829,8,4,164,188,168.0,192.0,153.9158935546875,153.77366638183594,0.1422271728515625
s_bird_212,resnet50_tl_20250829,8,4,164,192,168.0,196.0,153.9158935546875,153.88414001464844,0.0317535400390625
s_bird_212,resnet50_tl_20250829,8,4,164,196,168.0,200.0,153.9158935546875,153.80667114257812,0.109222412109375
s_bird_212,resnet50_tl_20250829,8,4,164,200,168.0,204.0,153.9158935546875,153.81129455566406,0.1045989990234375
s_bird_212,resnet50_tl_20250829,8,4,164,204,168.0,208.0,153.9158935546875,153.86563110351562,0.050262451171875
s_bird_212,resnet50_tl_20250829,8,4,164,208,168.0,212.0,153.9158935546875,153.94448852539062,-0.028594970703125
s_bird_212,resnet50_tl_20250829,8,4,164,212,168.0,216.0,153.9158935546875,153.84815979003906,0.0677337646484375
s_bird_212,resnet50_tl_20250829,8,4,164,216,168.0,220.0,153.9158935546875,153.83160400390625,0.08428955078125
s_bird_212,resnet50_tl_20250829,8,4,168,0,172.0,4.0,153.9158935546875,153.7796630859375,0.13623046875
s_bird_212,resnet50_tl_20250829,8,4,168,4,172.0,8.0,153.9158935546875,153.73300170898438,0.182891845703125
s_bird_212,resnet50_tl_20250829,8,4,168,8,172.0,12.0,153.9158935546875,153.81207275390625,0.10382080078125
s_bird_212,resnet50_tl_20250829,8,4,168,12,172.0,16.0,153.9158935546875,153.7213897705078,0.1945037841796875
s_bird_212,resnet50_tl_20250829,8,4,168,16,172.0,20.0,153.9158935546875,153.74061584472656,0.1752777099609375
s_bird_212,resnet50_tl_20250829,8,4,168,20,172.0,24.0,153.9158935546875,153.6577606201172,0.2581329345703125
s_bird_212,resnet50_tl_20250829,8,4,168,24,172.0,28.0,153.9158935546875,153.69200134277344,0.2238922119140625
s_bird_212,resnet50_tl_20250829,8,4,168,28,172.0,32.0,153.9158935546875,153.61178588867188,0.304107666015625
s_bird_212,resnet50_tl_20250829,8,4,168,32,172.0,36.0,153.9158935546875,153.6304931640625,0.285400390625
s_bird_212,resnet50_tl_20250829,8,4,168,36,172.0,40.0,153.9158935546875,153.5763702392578,0.3395233154296875
s_bird_212,resnet50_tl_20250829,8,4,168,40,172.0,44.0,153.9158935546875,153.6324005126953,0.2834930419921875
s_bird_212,resnet50_tl_20250829,8,4,168,44,172.0,48.0,153.9158935546875,153.61549377441406,0.3003997802734375
s_bird_212,resnet50_tl_20250829,8,4,168,48,172.0,52.0,153.9158935546875,153.65179443359375,0.26409912109375
s_bird_212,resnet50_tl_20250829,8,4,168,52,172.0,56.0,153.9158935546875,153.63027954101562,0.285614013671875
s_bird_212,resnet50_tl_20250829,8,4,168,56,172.0,60.0,153.9158935546875,153.63587951660156,0.2800140380859375
s_bird_212,resnet50_tl_20250829,8,4,168,60,172.0,64.0,153.9158935546875,153.5939178466797,0.3219757080078125
s_bird_212,resnet50_tl_20250829,8,4,168,64,172.0,68.0,153.9158935546875,153.65557861328125,0.26031494140625
s_bird_212,resnet50_tl_20250829,8,4,168,68,172.0,72.0,153.9158935546875,153.623779296875,0.2921142578125
s_bird_212,resnet50_tl_20250829,8,4,168,72,172.0,76.0,153.9158935546875,153.6357879638672,0.2801055908203125
s_bird_212,resnet50_tl_20250829,8,4,168,76,172.0,80.0,153.9158935546875,153.59373474121094,0.3221588134765625
s_bird_212,resnet50_tl_20250829,8,4,168,80,172.0,84.0,153.9158935546875,153.6728973388672,0.2429962158203125
s_bird_212,resnet50_tl_20250829,8,4,168,84,172.0,88.0,153.9158935546875,153.67913818359375,0.23675537109375
s_bird_212,resnet50_tl_20250829,8,4,168,88,172.0,92.0,153.9158935546875,153.8427734375,0.0731201171875
s_bird_212,resnet50_tl_20250829,8,4,168,92,172.0,96.0,153.9158935546875,153.81622314453125,0.09967041015625
s_bird_212,resnet50_tl_20250829,8,4,168,96,172.0,100.0,153.9158935546875,153.6918182373047,0.2240753173828125
s_bird_212,resnet50_tl_20250829,8,4,168,100,172.0,104.0,153.9158935546875,153.85552978515625,0.06036376953125
s_bird_212,resnet50_tl_20250829,8,4,168,104,172.0,108.0,153.9158935546875,153.65451049804688,0.261383056640625
s_bird_212,resnet50_tl_20250829,8,4,168,108,172.0,112.0,153.9158935546875,153.5452423095703,0.3706512451171875
s_bird_212,resnet50_tl_20250829,8,4,168,112,172.0,116.0,153.9158935546875,153.69590759277344,0.2199859619140625
s_bird_212,resnet50_tl_20250829,8,4,168,116,172.0,120.0,153.9158935546875,153.5708770751953,0.3450164794921875
s_bird_212,resnet50_tl_20250829,8,4,168,120,172.0,124.0,153.9158935546875,153.68150329589844,0.2343902587890625
s_bird_212,resnet50_tl_20250829,8,4,168,124,172.0,128.0,153.9158935546875,153.54164123535156,0.3742523193359375
s_bird_212,resnet50_tl_20250829,8,4,168,128,172.0,132.0,153.9158935546875,153.49330139160156,0.4225921630859375
s_bird_212,resnet50_tl_20250829,8,4,168,132,172.0,136.0,153.9158935546875,153.67434692382812,0.241546630859375
s_bird_212,resnet50_tl_20250829,8,4,168,136,172.0,140.0,153.9158935546875,153.72708129882812,0.188812255859375
s_bird_212,resnet50_tl_20250829,8,4,168,140,172.0,144.0,153.9158935546875,153.51898193359375,0.39691162109375
s_bird_212,resnet50_tl_20250829,8,4,168,144,172.0,148.0,153.9158935546875,153.40560913085938,0.510284423828125
s_bird_212,resnet50_tl_20250829,8,4,168,148,172.0,152.0,153.9158935546875,153.4049072265625,0.510986328125
s_bird_212,resnet50_tl_20250829,8,4,168,152,172.0,156.0,153.9158935546875,153.4361114501953,0.4797821044921875
s_bird_212,resnet50_tl_20250829,8,4,168,156,172.0,160.0,153.9158935546875,153.30775451660156,0.6081390380859375
s_bird_212,resnet50_tl_20250829,8,4,168,160,172.0,164.0,153.9158935546875,153.26806640625,0.6478271484375
s_bird_212,resnet50_tl_20250829,8,4,168,164,172.0,168.0,153.9158935546875,153.38084411621094,0.5350494384765625
s_bird_212,resnet50_tl_20250829,8,4,168,168,172.0,172.0,153.9158935546875,153.5586395263672,0.3572540283203125
s_bird_212,resnet50_tl_20250829,8,4,168,172,172.0,176.0,153.9158935546875,153.45455932617188,0.461334228515625
s_bird_212,resnet50_tl_20250829,8,4,168,176,172.0,180.0,153.9158935546875,153.55091857910156,0.3649749755859375
s_bird_212,resnet50_tl_20250829,8,4,168,180,172.0,184.0,153.9158935546875,153.55923461914062,0.356658935546875
s_bird_212,resnet50_tl_20250829,8,4,168,184,172.0,188.0,153.9158935546875,153.7434539794922,0.1724395751953125
s_bird_212,resnet50_tl_20250829,8,4,168,188,172.0,192.0,153.9158935546875,153.7083740234375,0.20751953125
s_bird_212,resnet50_tl_20250829,8,4,168,192,172.0,196.0,153.9158935546875,153.800537109375,0.1153564453125
s_bird_212,resnet50_tl_20250829,8,4,168,196,172.0,200.0,153.9158935546875,153.75340270996094,0.1624908447265625
s_bird_212,resnet50_tl_20250829,8,4,168,200,172.0,204.0,153.9158935546875,153.81805419921875,0.09783935546875
s_bird_212,resnet50_tl_20250829,8,4,168,204,172.0,208.0,153.9158935546875,153.8400115966797,0.0758819580078125
s_bird_212,resnet50_tl_20250829,8,4,168,208,172.0,212.0,153.9158935546875,153.89874267578125,0.01715087890625
s_bird_212,resnet50_tl_20250829,8,4,168,212,172.0,216.0,153.9158935546875,153.82093811035156,0.0949554443359375
s_bird_212,resnet50_tl_20250829,8,4,168,216,172.0,220.0,153.9158935546875,153.8468780517578,0.0690155029296875
s_bird_212,resnet50_tl_20250829,8,4,172,0,176.0,4.0,153.9158935546875,153.62535095214844,0.2905426025390625
s_bird_212,resnet50_tl_20250829,8,4,172,4,176.0,8.0,153.9158935546875,153.78866577148438,0.127227783203125
s_bird_212,resnet50_tl_20250829,8,4,172,8,176.0,12.0,153.9158935546875,153.8249053955078,0.0909881591796875
s_bird_212,resnet50_tl_20250829,8,4,172,12,176.0,16.0,153.9158935546875,153.70263671875,0.2132568359375
s_bird_212,resnet50_tl_20250829,8,4,172,16,176.0,20.0,153.9158935546875,153.66143798828125,0.25445556640625
s_bird_212,resnet50_tl_20250829,8,4,172,20,176.0,24.0,153.9158935546875,153.73756408691406,0.1783294677734375
s_bird_212,resnet50_tl_20250829,8,4,172,24,176.0,28.0,153.9158935546875,153.76119995117188,0.154693603515625
s_bird_212,resnet50_tl_20250829,8,4,172,28,176.0,32.0,153.9158935546875,153.5996856689453,0.3162078857421875
s_bird_212,resnet50_tl_20250829,8,4,172,32,176.0,36.0,153.9158935546875,153.55364990234375,0.36224365234375
s_bird_212,resnet50_tl_20250829,8,4,172,36,176.0,40.0,153.9158935546875,153.70095825195312,0.214935302734375
s_bird_212,resnet50_tl_20250829,8,4,172,40,176.0,44.0,153.9158935546875,153.73138427734375,0.18450927734375
s_bird_212,resnet50_tl_20250829,8,4,172,44,176.0,48.0,153.9158935546875,153.6586151123047,0.2572784423828125
s_bird_212,resnet50_tl_20250829,8,4,172,48,176.0,52.0,153.9158935546875,153.5966796875,0.3192138671875
s_bird_212,resnet50_tl_20250829,8,4,172,52,176.0,56.0,153.9158935546875,153.76087951660156,0.1550140380859375
s_bird_212,resnet50_tl_20250829,8,4,172,56,176.0,60.0,153.9158935546875,153.7526397705078,0.1632537841796875
s_bird_212,resnet50_tl_20250829,8,4,172,60,176.0,64.0,153.9158935546875,153.6015625,0.3143310546875
s_bird_212,resnet50_tl_20250829,8,4,172,64,176.0,68.0,153.9158935546875,153.6025390625,0.3133544921875
s_bird_212,resnet50_tl_20250829,8,4,172,68,176.0,72.0,153.9158935546875,153.75765991210938,0.158233642578125
s_bird_212,resnet50_tl_20250829,8,4,172,72,176.0,76.0,153.9158935546875,153.75204467773438,0.163848876953125
s_bird_212,resnet50_tl_20250829,8,4,172,76,176.0,80.0,153.9158935546875,153.5619659423828,0.3539276123046875
s_bird_212,resnet50_tl_20250829,8,4,172,80,176.0,84.0,153.9158935546875,153.54605102539062,0.369842529296875
s_bird_212,resnet50_tl_20250829,8,4,172,84,176.0,88.0,153.9158935546875,153.62979125976562,0.286102294921875
s_bird_212,resnet50_tl_20250829,8,4,172,88,176.0,92.0,153.9158935546875,153.80734252929688,0.108551025390625
s_bird_212,resnet50_tl_20250829,8,4,172,92,176.0,96.0,153.9158935546875,153.9127197265625,0.003173828125
s_bird_212,resnet50_tl_20250829,8,4,172,96,176.0,100.0,153.9158935546875,153.82305908203125,0.09283447265625
s_bird_212,resnet50_tl_20250829,8,4,172,100,176.0,104.0,153.9158935546875,153.8595733642578,0.0563201904296875
s_bird_212,resnet50_tl_20250829,8,4,172,104,176.0,108.0,153.9158935546875,153.69076538085938,0.225128173828125
s_bird_212,resnet50_tl_20250829,8,4,172,108,176.0,112.0,153.9158935546875,153.68231201171875,0.23358154296875
s_bird_212,resnet50_tl_20250829,8,4,172,112,176.0,116.0,153.9158935546875,153.72808837890625,0.18780517578125
s_bird_212,resnet50_tl_20250829,8,4,172,116,176.0,120.0,153.9158935546875,153.73553466796875,0.18035888671875
s_bird_212,resnet50_tl_20250829,8,4,172,120,176.0,124.0,153.9158935546875,153.7297821044922,0.1861114501953125
s_bird_212,resnet50_tl_20250829,8,4,172,124,176.0,128.0,153.9158935546875,153.58885192871094,0.3270416259765625
s_bird_212,resnet50_tl_20250829,8,4,172,128,176.0,132.0,153.9158935546875,153.6639862060547,0.2519073486328125
s_bird_212,resnet50_tl_20250829,8,4,172,132,176.0,136.0,153.9158935546875,153.80078125,0.1151123046875
s_bird_212,resnet50_tl_20250829,8,4,172,136,176.0,140.0,153.9158935546875,153.88052368164062,0.035369873046875
s_bird_212,resnet50_tl_20250829,8,4,172,140,176.0,144.0,153.9158935546875,153.27432250976562,0.641571044921875
s_bird_212,resnet50_tl_20250829,8,4,172,144,176.0,148.0,153.9158935546875,153.23204040527344,0.6838531494140625
s_bird_212,resnet50_tl_20250829,8,4,172,148,176.0,152.0,153.9158935546875,153.5606231689453,0.3552703857421875
s_bird_212,resnet50_tl_20250829,8,4,172,152,176.0,156.0,153.9158935546875,153.51986694335938,0.396026611328125
s_bird_212,resnet50_tl_20250829,8,4,172,156,176.0,160.0,153.9158935546875,153.0905303955078,0.8253631591796875
s_bird_212,resnet50_tl_20250829,8,4,172,160,176.0,164.0,153.9158935546875,153.0189666748047,0.8969268798828125
s_bird_212,resnet50_tl_20250829,8,4,172,164,176.0,168.0,153.9158935546875,153.4064483642578,0.5094451904296875
s_bird_212,resnet50_tl_20250829,8,4,172,168,176.0,172.0,153.9158935546875,153.648681640625,0.2672119140625
s_bird_212,resnet50_tl_20250829,8,4,172,172,176.0,176.0,153.9158935546875,153.38133239746094,0.5345611572265625
s_bird_212,resnet50_tl_20250829,8,4,172,176,176.0,180.0,153.9158935546875,153.4075927734375,0.50830078125
s_bird_212,resnet50_tl_20250829,8,4,172,180,176.0,184.0,153.9158935546875,153.5953826904297,0.3205108642578125
s_bird_212,resnet50_tl_20250829,8,4,172,184,176.0,188.0,153.9158935546875,153.80377197265625,0.11212158203125
s_bird_212,resnet50_tl_20250829,8,4,172,188,176.0,192.0,153.9158935546875,153.6339874267578,0.2819061279296875
s_bird_212,resnet50_tl_20250829,8,4,172,192,176.0,196.0,153.9158935546875,153.71743774414062,0.198455810546875
s_bird_212,resnet50_tl_20250829,8,4,172,196,176.0,200.0,153.9158935546875,153.7235565185547,0.1923370361328125
s_bird_212,resnet50_tl_20250829,8,4,172,200,176.0,204.0,153.9158935546875,153.8608856201172,0.0550079345703125
s_bird_212,resnet50_tl_20250829,8,4,172,204,176.0,208.0,153.9158935546875,153.8077850341797,0.1081085205078125
s_bird_212,resnet50_tl_20250829,8,4,172,208,176.0,212.0,153.9158935546875,153.83905029296875,0.07684326171875
s_bird_212,resnet50_tl_20250829,8,4,172,212,176.0,216.0,153.9158935546875,153.8161163330078,0.0997772216796875
s_bird_212,resnet50_tl_20250829,8,4,172,216,176.0,220.0,153.9158935546875,153.85292053222656,0.0629730224609375
s_bird_212,resnet50_tl_20250829,8,4,176,0,180.0,4.0,153.9158935546875,153.63833618164062,0.277557373046875
s_bird_212,resnet50_tl_20250829,8,4,176,4,180.0,8.0,153.9158935546875,153.73638916015625,0.17950439453125
s_bird_212,resnet50_tl_20250829,8,4,176,8,180.0,12.0,153.9158935546875,153.8489227294922,0.0669708251953125
s_bird_212,resnet50_tl_20250829,8,4,176,12,180.0,16.0,153.9158935546875,153.64967346191406,0.2662200927734375
s_bird_212,resnet50_tl_20250829,8,4,176,16,180.0,20.0,153.9158935546875,153.6779327392578,0.2379608154296875
s_bird_212,resnet50_tl_20250829,8,4,176,20,180.0,24.0,153.9158935546875,153.6651611328125,0.250732421875
s_bird_212,resnet50_tl_20250829,8,4,176,24,180.0,28.0,153.9158935546875,153.7453155517578,0.1705780029296875
s_bird_212,resnet50_tl_20250829,8,4,176,28,180.0,32.0,153.9158935546875,153.54251098632812,0.373382568359375
s_bird_212,resnet50_tl_20250829,8,4,176,32,180.0,36.0,153.9158935546875,153.58322143554688,0.332672119140625
s_bird_212,resnet50_tl_20250829,8,4,176,36,180.0,40.0,153.9158935546875,153.6486358642578,0.2672576904296875
s_bird_212,resnet50_tl_20250829,8,4,176,40,180.0,44.0,153.9158935546875,153.72100830078125,0.19488525390625
s_bird_212,resnet50_tl_20250829,8,4,176,44,180.0,48.0,153.9158935546875,153.5540313720703,0.3618621826171875
s_bird_212,resnet50_tl_20250829,8,4,176,48,180.0,52.0,153.9158935546875,153.59019470214844,0.3256988525390625
s_bird_212,resnet50_tl_20250829,8,4,176,52,180.0,56.0,153.9158935546875,153.65980529785156,0.2560882568359375
s_bird_212,resnet50_tl_20250829,8,4,176,56,180.0,60.0,153.9158935546875,153.72117614746094,0.1947174072265625
s_bird_212,resnet50_tl_20250829,8,4,176,60,180.0,64.0,153.9158935546875,153.51234436035156,0.4035491943359375
s_bird_212,resnet50_tl_20250829,8,4,176,64,180.0,68.0,153.9158935546875,153.57647705078125,0.33941650390625
s_bird_212,resnet50_tl_20250829,8,4,176,68,180.0,72.0,153.9158935546875,153.66580200195312,0.250091552734375
s_bird_212,resnet50_tl_20250829,8,4,176,72,180.0,76.0,153.9158935546875,153.7379150390625,0.177978515625
s_bird_212,resnet50_tl_20250829,8,4,176,76,180.0,80.0,153.9158935546875,153.55677795410156,0.3591156005859375
s_bird_212,resnet50_tl_20250829,8,4,176,80,180.0,84.0,153.9158935546875,153.60345458984375,0.31243896484375
s_bird_212,resnet50_tl_20250829,8,4,176,84,180.0,88.0,153.9158935546875,153.63584899902344,0.2800445556640625
s_bird_212,resnet50_tl_20250829,8,4,176,88,180.0,92.0,153.9158935546875,153.8221435546875,0.09375
s_bird_212,resnet50_tl_20250829,8,4,176,92,180.0,96.0,153.9158935546875,153.85523986816406,0.0606536865234375
s_bird_212,resnet50_tl_20250829,8,4,176,96,180.0,100.0,153.9158935546875,153.923095703125,-0.0072021484375
s_bird_212,resnet50_tl_20250829,8,4,176,100,180.0,104.0,153.9158935546875,153.89718627929688,0.018707275390625
s_bird_212,resnet50_tl_20250829,8,4,176,104,180.0,108.0,153.9158935546875,153.81924438476562,0.096649169921875
s_bird_212,resnet50_tl_20250829,8,4,176,108,180.0,112.0,153.9158935546875,153.73721313476562,0.178680419921875
s_bird_212,resnet50_tl_20250829,8,4,176,112,180.0,116.0,153.9158935546875,153.75218200683594,0.1637115478515625
s_bird_212,resnet50_tl_20250829,8,4,176,116,180.0,120.0,153.9158935546875,153.6744384765625,0.241455078125
s_bird_212,resnet50_tl_20250829,8,4,176,120,180.0,124.0,153.9158935546875,153.79177856445312,0.124114990234375
s_bird_212,resnet50_tl_20250829,8,4,176,124,180.0,128.0,153.9158935546875,153.8059539794922,0.1099395751953125
s_bird_212,resnet50_tl_20250829,8,4,176,128,180.0,132.0,153.9158935546875,153.9097900390625,0.006103515625
s_bird_212,resnet50_tl_20250829,8,4,176,132,180.0,136.0,153.9158935546875,153.9520721435547,-0.0361785888671875
s_bird_212,resnet50_tl_20250829,8,4,176,136,180.0,140.0,153.9158935546875,153.65731811523438,0.258575439453125
s_bird_212,resnet50_tl_20250829,8,4,176,140,180.0,144.0,153.9158935546875,153.2606658935547,0.6552276611328125
s_bird_212,resnet50_tl_20250829,8,4,176,144,180.0,148.0,153.9158935546875,153.28533935546875,0.63055419921875
s_bird_212,resnet50_tl_20250829,8,4,176,148,180.0,152.0,153.9158935546875,153.44644165039062,0.469451904296875
s_bird_212,resnet50_tl_20250829,8,4,176,152,180.0,156.0,153.9158935546875,153.5357208251953,0.3801727294921875
s_bird_212,resnet50_tl_20250829,8,4,176,156,180.0,160.0,153.9158935546875,153.10464477539062,0.811248779296875
s_bird_212,resnet50_tl_20250829,8,4,176,160,180.0,164.0,153.9158935546875,153.152587890625,0.7633056640625
s_bird_212,resnet50_tl_20250829,8,4,176,164,180.0,168.0,153.9158935546875,153.37200927734375,0.54388427734375
s_bird_212,resnet50_tl_20250829,8,4,176,168,180.0,172.0,153.9158935546875,153.62025451660156,0.2956390380859375
s_bird_212,resnet50_tl_20250829,8,4,176,172,180.0,176.0,153.9158935546875,153.35353088378906,0.5623626708984375
s_bird_212,resnet50_tl_20250829,8,4,176,176,180.0,180.0,153.9158935546875,153.4659881591797,0.4499053955078125
s_bird_212,resnet50_tl_20250829,8,4,176,180,180.0,184.0,153.9158935546875,153.5936737060547,0.3222198486328125
s_bird_212,resnet50_tl_20250829,8,4,176,184,180.0,188.0,153.9158935546875,153.7852020263672,0.1306915283203125
s_bird_212,resnet50_tl_20250829,8,4,176,188,180.0,192.0,153.9158935546875,153.65048217773438,0.265411376953125
s_bird_212,resnet50_tl_20250829,8,4,176,192,180.0,196.0,153.9158935546875,153.75889587402344,0.1569976806640625
s_bird_212,resnet50_tl_20250829,8,4,176,196,180.0,200.0,153.9158935546875,153.7913360595703,0.1245574951171875
s_bird_212,resnet50_tl_20250829,8,4,176,200,180.0,204.0,153.9158935546875,153.8775177001953,0.0383758544921875
s_bird_212,resnet50_tl_20250829,8,4,176,204,180.0,208.0,153.9158935546875,153.8199005126953,0.0959930419921875
s_bird_212,resnet50_tl_20250829,8,4,176,208,180.0,212.0,153.9158935546875,153.84315490722656,0.0727386474609375
s_bird_212,resnet50_tl_20250829,8,4,176,212,180.0,216.0,153.9158935546875,153.8247833251953,0.0911102294921875
s_bird_212,resnet50_tl_20250829,8,4,176,216,180.0,220.0,153.9158935546875,153.87744140625,0.0384521484375
s_bird_212,resnet50_tl_20250829,8,4,180,0,184.0,4.0,153.9158935546875,153.8111572265625,0.104736328125
s_bird_212,resnet50_tl_20250829,8,4,180,4,184.0,8.0,153.9158935546875,153.8092803955078,0.1066131591796875
s_bird_212,resnet50_tl_20250829,8,4,180,8,184.0,12.0,153.9158935546875,153.87208557128906,0.0438079833984375
s_bird_212,resnet50_tl_20250829,8,4,180,12,184.0,16.0,153.9158935546875,153.84080505371094,0.0750885009765625
s_bird_212,resnet50_tl_20250829,8,4,180,16,184.0,20.0,153.9158935546875,153.82521057128906,0.0906829833984375
s_bird_212,resnet50_tl_20250829,8,4,180,20,184.0,24.0,153.9158935546875,153.7592315673828,0.1566619873046875
s_bird_212,resnet50_tl_20250829,8,4,180,24,184.0,28.0,153.9158935546875,153.75770568847656,0.1581878662109375
s_bird_212,resnet50_tl_20250829,8,4,180,28,184.0,32.0,153.9158935546875,153.7610321044922,0.1548614501953125
s_bird_212,resnet50_tl_20250829,8,4,180,32,184.0,36.0,153.9158935546875,153.7528076171875,0.1630859375
s_bird_212,resnet50_tl_20250829,8,4,180,36,184.0,40.0,153.9158935546875,153.76841735839844,0.1474761962890625
s_bird_212,resnet50_tl_20250829,8,4,180,40,184.0,44.0,153.9158935546875,153.72348022460938,0.192413330078125
s_bird_212,resnet50_tl_20250829,8,4,180,44,184.0,48.0,153.9158935546875,153.7863311767578,0.1295623779296875
s_bird_212,resnet50_tl_20250829,8,4,180,48,184.0,52.0,153.9158935546875,153.7760772705078,0.1398162841796875
s_bird_212,resnet50_tl_20250829,8,4,180,52,184.0,56.0,153.9158935546875,153.7896728515625,0.126220703125
s_bird_212,resnet50_tl_20250829,8,4,180,56,184.0,60.0,153.9158935546875,153.74862670898438,0.167266845703125
s_bird_212,resnet50_tl_20250829,8,4,180,60,184.0,64.0,153.9158935546875,153.7753448486328,0.1405487060546875
s_bird_212,resnet50_tl_20250829,8,4,180,64,184.0,68.0,153.9158935546875,153.7811737060547,0.1347198486328125
s_bird_212,resnet50_tl_20250829,8,4,180,68,184.0,72.0,153.9158935546875,153.80027770996094,0.1156158447265625
s_bird_212,resnet50_tl_20250829,8,4,180,72,184.0,76.0,153.9158935546875,153.77438354492188,0.141510009765625
s_bird_212,resnet50_tl_20250829,8,4,180,76,184.0,80.0,153.9158935546875,153.80929565429688,0.106597900390625
s_bird_212,resnet50_tl_20250829,8,4,180,80,184.0,84.0,153.9158935546875,153.79029846191406,0.1255950927734375
s_bird_212,resnet50_tl_20250829,8,4,180,84,184.0,88.0,153.9158935546875,153.77194213867188,0.143951416015625
s_bird_212,resnet50_tl_20250829,8,4,180,88,184.0,92.0,153.9158935546875,153.80374145507812,0.112152099609375
s_bird_212,resnet50_tl_20250829,8,4,180,92,184.0,96.0,153.9158935546875,153.86936950683594,0.0465240478515625
s_bird_212,resnet50_tl_20250829,8,4,180,96,184.0,100.0,153.9158935546875,153.87086486816406,0.0450286865234375
s_bird_212,resnet50_tl_20250829,8,4,180,100,184.0,104.0,153.9158935546875,153.99497985839844,-0.0790863037109375
s_bird_212,resnet50_tl_20250829,8,4,180,104,184.0,108.0,153.9158935546875,153.80703735351562,0.108856201171875
s_bird_212,resnet50_tl_20250829,8,4,180,108,184.0,112.0,153.9158935546875,153.7989501953125,0.116943359375
s_bird_212,resnet50_tl_20250829,8,4,180,112,184.0,116.0,153.9158935546875,153.74490356445312,0.170989990234375
s_bird_212,resnet50_tl_20250829,8,4,180,116,184.0,120.0,153.9158935546875,153.78414916992188,0.131744384765625
s_bird_212,resnet50_tl_20250829,8,4,180,120,184.0,124.0,153.9158935546875,153.79576110839844,0.1201324462890625
s_bird_212,resnet50_tl_20250829,8,4,180,124,184.0,128.0,153.9158935546875,153.82765197753906,0.0882415771484375
s_bird_212,resnet50_tl_20250829,8,4,180,128,184.0,132.0,153.9158935546875,153.73809814453125,0.17779541015625
s_bird_212,resnet50_tl_20250829,8,4,180,132,184.0,136.0,153.9158935546875,153.75723266601562,0.158660888671875
s_bird_212,resnet50_tl_20250829,8,4,180,136,184.0,140.0,153.9158935546875,153.77186584472656,0.1440277099609375
s_bird_212,resnet50_tl_20250829,8,4,180,140,184.0,144.0,153.9158935546875,153.8236083984375,0.09228515625
s_bird_212,resnet50_tl_20250829,8,4,180,144,184.0,148.0,153.9158935546875,153.70079040527344,0.2151031494140625
s_bird_212,resnet50_tl_20250829,8,4,180,148,184.0,152.0,153.9158935546875,153.72926330566406,0.1866302490234375
s_bird_212,resnet50_tl_20250829,8,4,180,152,184.0,156.0,153.9158935546875,153.66473388671875,0.25115966796875
s_bird_212,resnet50_tl_20250829,8,4,180,156,184.0,160.0,153.9158935546875,153.60848999023438,0.307403564453125
s_bird_212,resnet50_tl_20250829,8,4,180,160,184.0,164.0,153.9158935546875,153.6636962890625,0.252197265625
s_bird_212,resnet50_tl_20250829,8,4,180,164,184.0,168.0,153.9158935546875,153.6417236328125,0.274169921875
s_bird_212,resnet50_tl_20250829,8,4,180,168,184.0,172.0,153.9158935546875,153.65383911132812,0.262054443359375
s_bird_212,resnet50_tl_20250829,8,4,180,172,184.0,176.0,153.9158935546875,153.70335388183594,0.2125396728515625
s_bird_212,resnet50_tl_20250829,8,4,180,176,184.0,180.0,153.9158935546875,153.8185577392578,0.0973358154296875
s_bird_212,resnet50_tl_20250829,8,4,180,180,184.0,184.0,153.9158935546875,153.7882537841797,0.1276397705078125
s_bird_212,resnet50_tl_20250829,8,4,180,184,184.0,188.0,153.9158935546875,153.81251525878906,0.1033782958984375
s_bird_212,resnet50_tl_20250829,8,4,180,188,184.0,192.0,153.9158935546875,153.81492614746094,0.1009674072265625
s_bird_212,resnet50_tl_20250829,8,4,180,192,184.0,196.0,153.9158935546875,153.94540405273438,-0.029510498046875
s_bird_212,resnet50_tl_20250829,8,4,180,196,184.0,200.0,153.9158935546875,153.8675079345703,0.0483856201171875
s_bird_212,resnet50_tl_20250829,8,4,180,200,184.0,204.0,153.9158935546875,153.88499450683594,0.0308990478515625
s_bird_212,resnet50_tl_20250829,8,4,180,204,184.0,208.0,153.9158935546875,153.8748016357422,0.0410919189453125
s_bird_212,resnet50_tl_20250829,8,4,180,208,184.0,212.0,153.9158935546875,153.9591064453125,-0.043212890625
s_bird_212,resnet50_tl_20250829,8,4,180,212,184.0,216.0,153.9158935546875,153.8943328857422,0.0215606689453125
s_bird_212,resnet50_tl_20250829,8,4,180,216,184.0,220.0,153.9158935546875,153.89328002929688,0.022613525390625
s_bird_212,resnet50_tl_20250829,8,4,184,0,188.0,4.0,153.9158935546875,153.7374725341797,0.1784210205078125
s_bird_212,resnet50_tl_20250829,8,4,184,4,188.0,8.0,153.9158935546875,153.74746704101562,0.168426513671875
s_bird_212,resnet50_tl_20250829,8,4,184,8,188.0,12.0,153.9158935546875,153.8041229248047,0.1117706298828125
s_bird_212,resnet50_tl_20250829,8,4,184,12,188.0,16.0,153.9158935546875,153.7106475830078,0.2052459716796875
s_bird_212,resnet50_tl_20250829,8,4,184,16,188.0,20.0,153.9158935546875,153.72915649414062,0.186737060546875
s_bird_212,resnet50_tl_20250829,8,4,184,20,188.0,24.0,153.9158935546875,153.6658935546875,0.25
s_bird_212,resnet50_tl_20250829,8,4,184,24,188.0,28.0,153.9158935546875,153.67135620117188,0.244537353515625
s_bird_212,resnet50_tl_20250829,8,4,184,28,188.0,32.0,153.9158935546875,153.57847595214844,0.3374176025390625
s_bird_212,resnet50_tl_20250829,8,4,184,32,188.0,36.0,153.9158935546875,153.61636352539062,0.299530029296875
s_bird_212,resnet50_tl_20250829,8,4,184,36,188.0,40.0,153.9158935546875,153.60684204101562,0.309051513671875
s_bird_212,resnet50_tl_20250829,8,4,184,40,188.0,44.0,153.9158935546875,153.63133239746094,0.2845611572265625
s_bird_212,resnet50_tl_20250829,8,4,184,44,188.0,48.0,153.9158935546875,153.55577087402344,0.3601226806640625
s_bird_212,resnet50_tl_20250829,8,4,184,48,188.0,52.0,153.9158935546875,153.57911682128906,0.3367767333984375
s_bird_212,resnet50_tl_20250829,8,4,184,52,188.0,56.0,153.9158935546875,153.60137939453125,0.31451416015625
s_bird_212,resnet50_tl_20250829,8,4,184,56,188.0,60.0,153.9158935546875,153.63357543945312,0.282318115234375
s_bird_212,resnet50_tl_20250829,8,4,184,60,188.0,64.0,153.9158935546875,153.5399932861328,0.3759002685546875
s_bird_212,resnet50_tl_20250829,8,4,184,64,188.0,68.0,153.9158935546875,153.58897399902344,0.3269195556640625
s_bird_212,resnet50_tl_20250829,8,4,184,68,188.0,72.0,153.9158935546875,153.59872436523438,0.317169189453125
s_bird_212,resnet50_tl_20250829,8,4,184,72,188.0,76.0,153.9158935546875,153.6712188720703,0.2446746826171875
s_bird_212,resnet50_tl_20250829,8,4,184,76,188.0,80.0,153.9158935546875,153.60067749023438,0.315216064453125
s_bird_212,resnet50_tl_20250829,8,4,184,80,188.0,84.0,153.9158935546875,153.61477661132812,0.301116943359375
s_bird_212,resnet50_tl_20250829,8,4,184,84,188.0,88.0,153.9158935546875,153.660400390625,0.2554931640625
s_bird_212,resnet50_tl_20250829,8,4,184,88,188.0,92.0,153.9158935546875,153.77764892578125,0.13824462890625
s_bird_212,resnet50_tl_20250829,8,4,184,92,188.0,96.0,153.9158935546875,153.6924285888672,0.2234649658203125
s_bird_212,resnet50_tl_20250829,8,4,184,96,188.0,100.0,153.9158935546875,153.68045043945312,0.235443115234375
s_bird_212,resnet50_tl_20250829,8,4,184,100,188.0,104.0,153.9158935546875,153.74395751953125,0.17193603515625
s_bird_212,resnet50_tl_20250829,8,4,184,104,188.0,108.0,153.9158935546875,153.7510986328125,0.164794921875
s_bird_212,resnet50_tl_20250829,8,4,184,108,188.0,112.0,153.9158935546875,153.85711669921875,0.05877685546875
s_bird_212,resnet50_tl_20250829,8,4,184,112,188.0,116.0,153.9158935546875,153.79083251953125,0.12506103515625
s_bird_212,resnet50_tl_20250829,8,4,184,116,188.0,120.0,153.9158935546875,153.88531494140625,0.03057861328125
s_bird_212,resnet50_tl_20250829,8,4,184,120,188.0,124.0,153.9158935546875,153.911865234375,0.0040283203125
s_bird_212,resnet50_tl_20250829,8,4,184,124,188.0,128.0,153.9158935546875,153.7100067138672,0.2058868408203125
s_bird_212,resnet50_tl_20250829,8,4,184,128,188.0,132.0,153.9158935546875,153.60565185546875,0.31024169921875
s_bird_212,resnet50_tl_20250829,8,4,184,132,188.0,136.0,153.9158935546875,153.6124725341797,0.3034210205078125
s_bird_212,resnet50_tl_20250829,8,4,184,136,188.0,140.0,153.9158935546875,153.66867065429688,0.247222900390625
s_bird_212,resnet50_tl_20250829,8,4,184,140,188.0,144.0,153.9158935546875,153.47665405273438,0.439239501953125
s_bird_212,resnet50_tl_20250829,8,4,184,144,188.0,148.0,153.9158935546875,153.5494842529297,0.3664093017578125
s_bird_212,resnet50_tl_20250829,8,4,184,148,188.0,152.0,153.9158935546875,153.50897216796875,0.40692138671875
s_bird_212,resnet50_tl_20250829,8,4,184,152,188.0,156.0,153.9158935546875,153.58657836914062,0.329315185546875
s_bird_212,resnet50_tl_20250829,8,4,184,156,188.0,160.0,153.9158935546875,153.44790649414062,0.467987060546875
s_bird_212,resnet50_tl_20250829,8,4,184,160,188.0,164.0,153.9158935546875,153.53077697753906,0.3851165771484375
s_bird_212,resnet50_tl_20250829,8,4,184,164,188.0,168.0,153.9158935546875,153.50332641601562,0.412567138671875
s_bird_212,resnet50_tl_20250829,8,4,184,168,188.0,172.0,153.9158935546875,153.6362762451172,0.2796173095703125
s_bird_212,resnet50_tl_20250829,8,4,184,172,188.0,176.0,153.9158935546875,153.6357421875,0.2801513671875
s_bird_212,resnet50_tl_20250829,8,4,184,176,188.0,180.0,153.9158935546875,153.73963928222656,0.1762542724609375
s_bird_212,resnet50_tl_20250829,8,4,184,180,188.0,184.0,153.9158935546875,153.6930389404297,0.2228546142578125
s_bird_212,resnet50_tl_20250829,8,4,184,184,188.0,188.0,153.9158935546875,153.81503295898438,0.100860595703125
s_bird_212,resnet50_tl_20250829,8,4,184,188,188.0,192.0,153.9158935546875,153.8180694580078,0.0978240966796875
s_bird_212,resnet50_tl_20250829,8,4,184,192,188.0,196.0,153.9158935546875,153.91639709472656,-0.0005035400390625
s_bird_212,resnet50_tl_20250829,8,4,184,196,188.0,200.0,153.9158935546875,153.86117553710938,0.054718017578125
s_bird_212,resnet50_tl_20250829,8,4,184,200,188.0,204.0,153.9158935546875,153.90451049804688,0.011383056640625
s_bird_212,resnet50_tl_20250829,8,4,184,204,188.0,208.0,153.9158935546875,153.93533325195312,-0.019439697265625
s_bird_212,resnet50_tl_20250829,8,4,184,208,188.0,212.0,153.9158935546875,153.985595703125,-0.0697021484375
s_bird_212,resnet50_tl_20250829,8,4,184,212,188.0,216.0,153.9158935546875,153.91429138183594,0.0016021728515625
s_bird_212,resnet50_tl_20250829,8,4,184,216,188.0,220.0,153.9158935546875,153.91122436523438,0.004669189453125
s_bird_212,resnet50_tl_20250829,8,4,188,0,192.0,4.0,153.9158935546875,153.5500946044922,0.3657989501953125
s_bird_212,resnet50_tl_20250829,8,4,188,4,192.0,8.0,153.9158935546875,153.70925903320312,0.206634521484375
s_bird_212,resnet50_tl_20250829,8,4,188,8,192.0,12.0,153.9158935546875,153.81297302246094,0.1029205322265625
s_bird_212,resnet50_tl_20250829,8,4,188,12,192.0,16.0,153.9158935546875,153.64874267578125,0.26715087890625
s_bird_212,resnet50_tl_20250829,8,4,188,16,192.0,20.0,153.9158935546875,153.67881774902344,0.2370758056640625
s_bird_212,resnet50_tl_20250829,8,4,188,20,192.0,24.0,153.9158935546875,153.6942901611328,0.2216033935546875
s_bird_212,resnet50_tl_20250829,8,4,188,24,192.0,28.0,153.9158935546875,153.75332641601562,0.162567138671875
s_bird_212,resnet50_tl_20250829,8,4,188,28,192.0,32.0,153.9158935546875,153.39210510253906,0.5237884521484375
s_bird_212,resnet50_tl_20250829,8,4,188,32,192.0,36.0,153.9158935546875,153.4529266357422,0.4629669189453125
s_bird_212,resnet50_tl_20250829,8,4,188,36,192.0,40.0,153.9158935546875,153.6313018798828,0.2845916748046875
s_bird_212,resnet50_tl_20250829,8,4,188,40,192.0,44.0,153.9158935546875,153.68682861328125,0.22906494140625
s_bird_212,resnet50_tl_20250829,8,4,188,44,192.0,48.0,153.9158935546875,153.3867645263672,0.5291290283203125
s_bird_212,resnet50_tl_20250829,8,4,188,48,192.0,52.0,153.9158935546875,153.4276123046875,0.48828125
s_bird_212,resnet50_tl_20250829,8,4,188,52,192.0,56.0,153.9158935546875,153.62042236328125,0.29547119140625
s_bird_212,resnet50_tl_20250829,8,4,188,56,192.0,60.0,153.9158935546875,153.70533752441406,0.2105560302734375
s_bird_212,resnet50_tl_20250829,8,4,188,60,192.0,64.0,153.9158935546875,153.3200225830078,0.5958709716796875
s_bird_212,resnet50_tl_20250829,8,4,188,64,192.0,68.0,153.9158935546875,153.39805603027344,0.5178375244140625
s_bird_212,resnet50_tl_20250829,8,4,188,68,192.0,72.0,153.9158935546875,153.65634155273438,0.259552001953125
s_bird_212,resnet50_tl_20250829,8,4,188,72,192.0,76.0,153.9158935546875,153.74713134765625,0.16876220703125
s_bird_212,resnet50_tl_20250829,8,4,188,76,192.0,80.0,153.9158935546875,153.42385864257812,0.492034912109375
s_bird_212,resnet50_tl_20250829,8,4,188,80,192.0,84.0,153.9158935546875,153.45944213867188,0.456451416015625
s_bird_212,resnet50_tl_20250829,8,4,188,84,192.0,88.0,153.9158935546875,153.74888610839844,0.1670074462890625
s_bird_212,resnet50_tl_20250829,8,4,188,88,192.0,92.0,153.9158935546875,153.87271118164062,0.043182373046875
s_bird_212,resnet50_tl_20250829,8,4,188,92,192.0,96.0,153.9158935546875,153.53411865234375,0.38177490234375
s_bird_212,resnet50_tl_20250829,8,4,188,96,192.0,100.0,153.9158935546875,153.5044708251953,0.4114227294921875
s_bird_212,resnet50_tl_20250829,8,4,188,100,192.0,104.0,153.9158935546875,153.82171630859375,0.09417724609375
s_bird_212,resnet50_tl_20250829,8,4,188,104,192.0,108.0,153.9158935546875,153.776611328125,0.1392822265625
s_bird_212,resnet50_tl_20250829,8,4,188,108,192.0,112.0,153.9158935546875,153.61929321289062,0.296600341796875
s_bird_212,resnet50_tl_20250829,8,4,188,112,192.0,116.0,153.9158935546875,153.5,0.4158935546875
s_bird_212,resnet50_tl_20250829,8,4,188,116,192.0,120.0,153.9158935546875,153.8560028076172,0.0598907470703125
s_bird_212,resnet50_tl_20250829,8,4,188,120,192.0,124.0,153.9158935546875,153.8740692138672,0.0418243408203125
s_bird_212,resnet50_tl_20250829,8,4,188,124,192.0,128.0,153.9158935546875,153.61724853515625,0.29864501953125
s_bird_212,resnet50_tl_20250829,8,4,188,128,192.0,132.0,153.9158935546875,153.48541259765625,0.43048095703125
s_bird_212,resnet50_tl_20250829,8,4,188,132,192.0,136.0,153.9158935546875,153.6590576171875,0.2568359375
s_bird_212,resnet50_tl_20250829,8,4,188,136,192.0,140.0,153.9158935546875,153.70901489257812,0.206878662109375
s_bird_212,resnet50_tl_20250829,8,4,188,140,192.0,144.0,153.9158935546875,153.30690002441406,0.6089935302734375
s_bird_212,resnet50_tl_20250829,8,4,188,144,192.0,148.0,153.9158935546875,153.31732177734375,0.59857177734375
s_bird_212,resnet50_tl_20250829,8,4,188,148,192.0,152.0,153.9158935546875,153.51922607421875,0.39666748046875
s_bird_212,resnet50_tl_20250829,8,4,188,152,192.0,156.0,153.9158935546875,153.6658172607422,0.2500762939453125
s_bird_212,resnet50_tl_20250829,8,4,188,156,192.0,160.0,153.9158935546875,153.27056884765625,0.64532470703125
s_bird_212,resnet50_tl_20250829,8,4,188,160,192.0,164.0,153.9158935546875,153.30819702148438,0.607696533203125
s_bird_212,resnet50_tl_20250829,8,4,188,164,192.0,168.0,153.9158935546875,153.53289794921875,0.38299560546875
s_bird_212,resnet50_tl_20250829,8,4,188,168,192.0,172.0,153.9158935546875,153.71827697753906,0.1976165771484375
s_bird_212,resnet50_tl_20250829,8,4,188,172,192.0,176.0,153.9158935546875,153.5587921142578,0.3571014404296875
s_bird_212,resnet50_tl_20250829,8,4,188,176,192.0,180.0,153.9158935546875,153.62388610839844,0.2920074462890625
s_bird_212,resnet50_tl_20250829,8,4,188,180,192.0,184.0,153.9158935546875,153.69422912597656,0.2216644287109375
s_bird_212,resnet50_tl_20250829,8,4,188,184,192.0,188.0,153.9158935546875,153.85638427734375,0.05950927734375
s_bird_212,resnet50_tl_20250829,8,4,188,188,192.0,192.0,153.9158935546875,153.7248992919922,0.1909942626953125
s_bird_212,resnet50_tl_20250829,8,4,188,192,192.0,196.0,153.9158935546875,153.82318115234375,0.09271240234375
s_bird_212,resnet50_tl_20250829,8,4,188,196,192.0,200.0,153.9158935546875,153.82205200195312,0.093841552734375
s_bird_212,resnet50_tl_20250829,8,4,188,200,192.0,204.0,153.9158935546875,153.91307067871094,0.0028228759765625
s_bird_212,resnet50_tl_20250829,8,4,188,204,192.0,208.0,153.9158935546875,153.94644165039062,-0.030548095703125
s_bird_212,resnet50_tl_20250829,8,4,188,208,192.0,212.0,153.9158935546875,154.000732421875,-0.0848388671875
s_bird_212,resnet50_tl_20250829,8,4,188,212,192.0,216.0,153.9158935546875,153.93385314941406,-0.0179595947265625
s_bird_212,resnet50_tl_20250829,8,4,188,216,192.0,220.0,153.9158935546875,153.9306640625,-0.0147705078125
s_bird_212,resnet50_tl_20250829,8,4,192,0,196.0,4.0,153.9158935546875,153.6273651123047,0.2885284423828125
s_bird_212,resnet50_tl_20250829,8,4,192,4,196.0,8.0,153.9158935546875,153.71568298339844,0.2002105712890625
s_bird_212,resnet50_tl_20250829,8,4,192,8,196.0,12.0,153.9158935546875,153.83331298828125,0.08258056640625
s_bird_212,resnet50_tl_20250829,8,4,192,12,196.0,16.0,153.9158935546875,153.63095092773438,0.284942626953125
s_bird_212,resnet50_tl_20250829,8,4,192,16,196.0,20.0,153.9158935546875,153.7256317138672,0.1902618408203125
s_bird_212,resnet50_tl_20250829,8,4,192,20,196.0,24.0,153.9158935546875,153.7069854736328,0.2089080810546875
s_bird_212,resnet50_tl_20250829,8,4,192,24,196.0,28.0,153.9158935546875,153.79205322265625,0.12384033203125
s_bird_212,resnet50_tl_20250829,8,4,192,28,196.0,32.0,153.9158935546875,153.47239685058594,0.4434967041015625
s_bird_212,resnet50_tl_20250829,8,4,192,32,196.0,36.0,153.9158935546875,153.56820678710938,0.347686767578125
s_bird_212,resnet50_tl_20250829,8,4,192,36,196.0,40.0,153.9158935546875,153.68443298339844,0.2314605712890625
s_bird_212,resnet50_tl_20250829,8,4,192,40,196.0,44.0,153.9158935546875,153.74864196777344,0.1672515869140625
s_bird_212,resnet50_tl_20250829,8,4,192,44,196.0,48.0,153.9158935546875,153.4396514892578,0.4762420654296875
s_bird_212,resnet50_tl_20250829,8,4,192,48,196.0,52.0,153.9158935546875,153.53448486328125,0.38140869140625
s_bird_212,resnet50_tl_20250829,8,4,192,52,196.0,56.0,153.9158935546875,153.6501007080078,0.2657928466796875
s_bird_212,resnet50_tl_20250829,8,4,192,56,196.0,60.0,153.9158935546875,153.74212646484375,0.17376708984375
s_bird_212,resnet50_tl_20250829,8,4,192,60,196.0,64.0,153.9158935546875,153.40966796875,0.5062255859375
s_bird_212,resnet50_tl_20250829,8,4,192,64,196.0,68.0,153.9158935546875,153.5087432861328,0.4071502685546875
s_bird_212,resnet50_tl_20250829,8,4,192,68,196.0,72.0,153.9158935546875,153.6878662109375,0.22802734375
s_bird_212,resnet50_tl_20250829,8,4,192,72,196.0,76.0,153.9158935546875,153.7661590576172,0.1497344970703125
s_bird_212,resnet50_tl_20250829,8,4,192,76,196.0,80.0,153.9158935546875,153.4652862548828,0.4506072998046875
s_bird_212,resnet50_tl_20250829,8,4,192,80,196.0,84.0,153.9158935546875,153.52755737304688,0.388336181640625
s_bird_212,resnet50_tl_20250829,8,4,192,84,196.0,88.0,153.9158935546875,153.68118286132812,0.234710693359375
s_bird_212,resnet50_tl_20250829,8,4,192,88,196.0,92.0,153.9158935546875,153.82577514648438,0.090118408203125
s_bird_212,resnet50_tl_20250829,8,4,192,92,196.0,96.0,153.9158935546875,153.55812072753906,0.3577728271484375
s_bird_212,resnet50_tl_20250829,8,4,192,96,196.0,100.0,153.9158935546875,153.5640411376953,0.3518524169921875
s_bird_212,resnet50_tl_20250829,8,4,192,100,196.0,104.0,153.9158935546875,153.68528747558594,0.2306060791015625
s_bird_212,resnet50_tl_20250829,8,4,192,104,196.0,108.0,153.9158935546875,153.7756805419922,0.1402130126953125
s_bird_212,resnet50_tl_20250829,8,4,192,108,196.0,112.0,153.9158935546875,153.50534057617188,0.410552978515625
s_bird_212,resnet50_tl_20250829,8,4,192,112,196.0,116.0,153.9158935546875,153.57846069335938,0.337432861328125
s_bird_212,resnet50_tl_20250829,8,4,192,116,196.0,120.0,153.9158935546875,153.7430419921875,0.1728515625
s_bird_212,resnet50_tl_20250829,8,4,192,120,196.0,124.0,153.9158935546875,153.79971313476562,0.116180419921875
s_bird_212,resnet50_tl_20250829,8,4,192,124,196.0,128.0,153.9158935546875,153.5504913330078,0.3654022216796875
s_bird_212,resnet50_tl_20250829,8,4,192,128,196.0,132.0,153.9158935546875,153.56666564941406,0.3492279052734375
s_bird_212,resnet50_tl_20250829,8,4,192,132,196.0,136.0,153.9158935546875,153.65049743652344,0.2653961181640625
s_bird_212,resnet50_tl_20250829,8,4,192,136,196.0,140.0,153.9158935546875,153.74354553222656,0.1723480224609375
s_bird_212,resnet50_tl_20250829,8,4,192,140,196.0,144.0,153.9158935546875,153.41966247558594,0.4962310791015625
s_bird_212,resnet50_tl_20250829,8,4,192,144,196.0,148.0,153.9158935546875,153.482666015625,0.4332275390625
s_bird_212,resnet50_tl_20250829,8,4,192,148,196.0,152.0,153.9158935546875,153.60415649414062,0.311737060546875
s_bird_212,resnet50_tl_20250829,8,4,192,152,196.0,156.0,153.9158935546875,153.7447052001953,0.1711883544921875
s_bird_212,resnet50_tl_20250829,8,4,192,156,196.0,160.0,153.9158935546875,153.41558837890625,0.50030517578125
s_bird_212,resnet50_tl_20250829,8,4,192,160,196.0,164.0,153.9158935546875,153.45907592773438,0.456817626953125
s_bird_212,resnet50_tl_20250829,8,4,192,164,196.0,168.0,153.9158935546875,153.6327667236328,0.2831268310546875
s_bird_212,resnet50_tl_20250829,8,4,192,168,196.0,172.0,153.9158935546875,153.76016235351562,0.155731201171875
s_bird_212,resnet50_tl_20250829,8,4,192,172,196.0,176.0,153.9158935546875,153.62477111816406,0.2911224365234375
s_bird_212,resnet50_tl_20250829,8,4,192,176,196.0,180.0,153.9158935546875,153.70655822753906,0.2093353271484375
s_bird_212,resnet50_tl_20250829,8,4,192,180,196.0,184.0,153.9158935546875,153.75889587402344,0.1569976806640625
s_bird_212,resnet50_tl_20250829,8,4,192,184,196.0,188.0,153.9158935546875,153.8834991455078,0.0323944091796875
s_bird_212,resnet50_tl_20250829,8,4,192,188,196.0,192.0,153.9158935546875,153.8041534423828,0.1117401123046875
s_bird_212,resnet50_tl_20250829,8,4,192,192,196.0,196.0,153.9158935546875,153.8907928466797,0.0251007080078125
s_bird_212,resnet50_tl_20250829,8,4,192,196,196.0,200.0,153.9158935546875,153.8966827392578,0.0192108154296875
s_bird_212,resnet50_tl_20250829,8,4,192,200,196.0,204.0,153.9158935546875,153.943603515625,-0.0277099609375
s_bird_212,resnet50_tl_20250829,8,4,192,204,196.0,208.0,153.9158935546875,153.96043395996094,-0.0445404052734375
s_bird_212,resnet50_tl_20250829,8,4,192,208,196.0,212.0,153.9158935546875,153.99270629882812,-0.076812744140625
s_bird_212,resnet50_tl_20250829,8,4,192,212,196.0,216.0,153.9158935546875,153.95358276367188,-0.037689208984375
s_bird_212,resnet50_tl_20250829,8,4,192,216,196.0,220.0,153.9158935546875,153.95741271972656,-0.0415191650390625
s_bird_212,resnet50_tl_20250829,8,4,196,0,200.0,4.0,153.9158935546875,153.8052978515625,0.110595703125
s_bird_212,resnet50_tl_20250829,8,4,196,4,200.0,8.0,153.9158935546875,153.8127899169922,0.1031036376953125
s_bird_212,resnet50_tl_20250829,8,4,196,8,200.0,12.0,153.9158935546875,153.8934783935547,0.0224151611328125
s_bird_212,resnet50_tl_20250829,8,4,196,12,200.0,16.0,153.9158935546875,153.81922912597656,0.0966644287109375
s_bird_212,resnet50_tl_20250829,8,4,196,16,200.0,20.0,153.9158935546875,153.852783203125,0.0631103515625
s_bird_212,resnet50_tl_20250829,8,4,196,20,200.0,24.0,153.9158935546875,153.8314208984375,0.08447265625
s_bird_212,resnet50_tl_20250829,8,4,196,24,200.0,28.0,153.9158935546875,153.84701538085938,0.068878173828125
s_bird_212,resnet50_tl_20250829,8,4,196,28,200.0,32.0,153.9158935546875,153.75830078125,0.1575927734375
s_bird_212,resnet50_tl_20250829,8,4,196,32,200.0,36.0,153.9158935546875,153.80401611328125,0.11187744140625
s_bird_212,resnet50_tl_20250829,8,4,196,36,200.0,40.0,153.9158935546875,153.83799743652344,0.0778961181640625
s_bird_212,resnet50_tl_20250829,8,4,196,40,200.0,44.0,153.9158935546875,153.8184814453125,0.097412109375
s_bird_212,resnet50_tl_20250829,8,4,196,44,200.0,48.0,153.9158935546875,153.76150512695312,0.154388427734375
s_bird_212,resnet50_tl_20250829,8,4,196,48,200.0,52.0,153.9158935546875,153.79420471191406,0.1216888427734375
s_bird_212,resnet50_tl_20250829,8,4,196,52,200.0,56.0,153.9158935546875,153.84771728515625,0.06817626953125
s_bird_212,resnet50_tl_20250829,8,4,196,56,200.0,60.0,153.9158935546875,153.80886840820312,0.107025146484375
s_bird_212,resnet50_tl_20250829,8,4,196,60,200.0,64.0,153.9158935546875,153.76345825195312,0.152435302734375
s_bird_212,resnet50_tl_20250829,8,4,196,64,200.0,68.0,153.9158935546875,153.8086700439453,0.1072235107421875
s_bird_212,resnet50_tl_20250829,8,4,196,68,200.0,72.0,153.9158935546875,153.8691864013672,0.0467071533203125
s_bird_212,resnet50_tl_20250829,8,4,196,72,200.0,76.0,153.9158935546875,153.84002685546875,0.07586669921875
s_bird_212,resnet50_tl_20250829,8,4,196,76,200.0,80.0,153.9158935546875,153.80406188964844,0.1118316650390625
s_bird_212,resnet50_tl_20250829,8,4,196,80,200.0,84.0,153.9158935546875,153.80584716796875,0.11004638671875
s_bird_212,resnet50_tl_20250829,8,4,196,84,200.0,88.0,153.9158935546875,153.88572692871094,0.0301666259765625
s_bird_212,resnet50_tl_20250829,8,4,196,88,200.0,92.0,153.9158935546875,153.8563232421875,0.0595703125
s_bird_212,resnet50_tl_20250829,8,4,196,92,200.0,96.0,153.9158935546875,153.87669372558594,0.0391998291015625
s_bird_212,resnet50_tl_20250829,8,4,196,96,200.0,100.0,153.9158935546875,153.88059997558594,0.0352935791015625
s_bird_212,resnet50_tl_20250829,8,4,196,100,200.0,104.0,153.9158935546875,153.91842651367188,-0.002532958984375
s_bird_212,resnet50_tl_20250829,8,4,196,104,200.0,108.0,153.9158935546875,153.88418579101562,0.031707763671875
s_bird_212,resnet50_tl_20250829,8,4,196,108,200.0,112.0,153.9158935546875,153.86953735351562,0.046356201171875
s_bird_212,resnet50_tl_20250829,8,4,196,112,200.0,116.0,153.9158935546875,153.86436462402344,0.0515289306640625
s_bird_212,resnet50_tl_20250829,8,4,196,116,200.0,120.0,153.9158935546875,153.93751525878906,-0.0216217041015625
s_bird_212,resnet50_tl_20250829,8,4,196,120,200.0,124.0,153.9158935546875,153.85623168945312,0.059661865234375
s_bird_212,resnet50_tl_20250829,8,4,196,124,200.0,128.0,153.9158935546875,153.834716796875,0.0811767578125
s_bird_212,resnet50_tl_20250829,8,4,196,128,200.0,132.0,153.9158935546875,153.8209686279297,0.0949249267578125
s_bird_212,resnet50_tl_20250829,8,4,196,132,200.0,136.0,153.9158935546875,153.82913208007812,0.086761474609375
s_bird_212,resnet50_tl_20250829,8,4,196,136,200.0,140.0,153.9158935546875,153.83251953125,0.0833740234375
s_bird_212,resnet50_tl_20250829,8,4,196,140,200.0,144.0,153.9158935546875,153.7573699951172,0.1585235595703125
s_bird_212,resnet50_tl_20250829,8,4,196,144,200.0,148.0,153.9158935546875,153.7955322265625,0.120361328125
s_bird_212,resnet50_tl_20250829,8,4,196,148,200.0,152.0,153.9158935546875,153.8311767578125,0.084716796875
s_bird_212,resnet50_tl_20250829,8,4,196,152,200.0,156.0,153.9158935546875,153.82870483398438,0.087188720703125
s_bird_212,resnet50_tl_20250829,8,4,196,156,200.0,160.0,153.9158935546875,153.76576232910156,0.1501312255859375
s_bird_212,resnet50_tl_20250829,8,4,196,160,200.0,164.0,153.9158935546875,153.79591369628906,0.1199798583984375
s_bird_212,resnet50_tl_20250829,8,4,196,164,200.0,168.0,153.9158935546875,153.8191680908203,0.0967254638671875
s_bird_212,resnet50_tl_20250829,8,4,196,168,200.0,172.0,153.9158935546875,153.8186492919922,0.0972442626953125
s_bird_212,resnet50_tl_20250829,8,4,196,172,200.0,176.0,153.9158935546875,153.8195037841797,0.0963897705078125
s_bird_212,resnet50_tl_20250829,8,4,196,176,200.0,180.0,153.9158935546875,153.8817901611328,0.0341033935546875
s_bird_212,resnet50_tl_20250829,8,4,196,180,200.0,184.0,153.9158935546875,153.89723205566406,0.0186614990234375
s_bird_212,resnet50_tl_20250829,8,4,196,184,200.0,188.0,153.9158935546875,153.92042541503906,-0.0045318603515625
s_bird_212,resnet50_tl_20250829,8,4,196,188,200.0,192.0,153.9158935546875,153.8933563232422,0.0225372314453125
s_bird_212,resnet50_tl_20250829,8,4,196,192,200.0,196.0,153.9158935546875,153.98507690429688,-0.069183349609375
s_bird_212,resnet50_tl_20250829,8,4,196,196,200.0,200.0,153.9158935546875,153.9453125,-0.0294189453125
s_bird_212,resnet50_tl_20250829,8,4,196,200,200.0,204.0,153.9158935546875,153.9642333984375,-0.04833984375
s_bird_212,resnet50_tl_20250829,8,4,196,204,200.0,208.0,153.9158935546875,153.9050750732422,0.0108184814453125
s_bird_212,resnet50_tl_20250829,8,4,196,208,200.0,212.0,153.9158935546875,153.95411682128906,-0.0382232666015625
s_bird_212,resnet50_tl_20250829,8,4,196,212,200.0,216.0,153.9158935546875,153.95138549804688,-0.035491943359375
s_bird_212,resnet50_tl_20250829,8,4,196,216,200.0,220.0,153.9158935546875,153.95811462402344,-0.0422210693359375
s_bird_212,resnet50_tl_20250829,8,4,200,0,204.0,4.0,153.9158935546875,153.80894470214844,0.1069488525390625
s_bird_212,resnet50_tl_20250829,8,4,200,4,204.0,8.0,153.9158935546875,153.84860229492188,0.067291259765625
s_bird_212,resnet50_tl_20250829,8,4,200,8,204.0,12.0,153.9158935546875,153.8920135498047,0.0238800048828125
s_bird_212,resnet50_tl_20250829,8,4,200,12,204.0,16.0,153.9158935546875,153.76913452148438,0.146759033203125
s_bird_212,resnet50_tl_20250829,8,4,200,16,204.0,20.0,153.9158935546875,153.80030822753906,0.1155853271484375
s_bird_212,resnet50_tl_20250829,8,4,200,20,204.0,24.0,153.9158935546875,153.7977294921875,0.1181640625
s_bird_212,resnet50_tl_20250829,8,4,200,24,204.0,28.0,153.9158935546875,153.83648681640625,0.07940673828125
s_bird_212,resnet50_tl_20250829,8,4,200,28,204.0,32.0,153.9158935546875,153.6811981201172,0.2346954345703125
s_bird_212,resnet50_tl_20250829,8,4,200,32,204.0,36.0,153.9158935546875,153.73399353027344,0.1819000244140625
s_bird_212,resnet50_tl_20250829,8,4,200,36,204.0,40.0,153.9158935546875,153.76890563964844,0.1469879150390625
s_bird_212,resnet50_tl_20250829,8,4,200,40,204.0,44.0,153.9158935546875,153.8239288330078,0.0919647216796875
s_bird_212,resnet50_tl_20250829,8,4,200,44,204.0,48.0,153.9158935546875,153.67044067382812,0.245452880859375
s_bird_212,resnet50_tl_20250829,8,4,200,48,204.0,52.0,153.9158935546875,153.73114013671875,0.18475341796875
s_bird_212,resnet50_tl_20250829,8,4,200,52,204.0,56.0,153.9158935546875,153.7635040283203,0.1523895263671875
s_bird_212,resnet50_tl_20250829,8,4,200,56,204.0,60.0,153.9158935546875,153.82179260253906,0.0941009521484375
s_bird_212,resnet50_tl_20250829,8,4,200,60,204.0,64.0,153.9158935546875,153.66030883789062,0.255584716796875
s_bird_212,resnet50_tl_20250829,8,4,200,64,204.0,68.0,153.9158935546875,153.7127685546875,0.203125
s_bird_212,resnet50_tl_20250829,8,4,200,68,204.0,72.0,153.9158935546875,153.7525634765625,0.163330078125
s_bird_212,resnet50_tl_20250829,8,4,200,72,204.0,76.0,153.9158935546875,153.85316467285156,0.0627288818359375
s_bird_212,resnet50_tl_20250829,8,4,200,76,204.0,80.0,153.9158935546875,153.69998168945312,0.215911865234375
s_bird_212,resnet50_tl_20250829,8,4,200,80,204.0,84.0,153.9158935546875,153.76708984375,0.1488037109375
s_bird_212,resnet50_tl_20250829,8,4,200,84,204.0,88.0,153.9158935546875,153.78500366210938,0.130889892578125
s_bird_212,resnet50_tl_20250829,8,4,200,88,204.0,92.0,153.9158935546875,153.86566162109375,0.05023193359375
s_bird_212,resnet50_tl_20250829,8,4,200,92,204.0,96.0,153.9158935546875,153.7125701904297,0.2033233642578125
s_bird_212,resnet50_tl_20250829,8,4,200,96,204.0,100.0,153.9158935546875,153.7766876220703,0.1392059326171875
s_bird_212,resnet50_tl_20250829,8,4,200,100,204.0,104.0,153.9158935546875,153.8044891357422,0.1114044189453125
s_bird_212,resnet50_tl_20250829,8,4,200,104,204.0,108.0,153.9158935546875,153.9005126953125,0.015380859375
s_bird_212,resnet50_tl_20250829,8,4,200,108,204.0,112.0,153.9158935546875,153.7592010498047,0.1566925048828125
s_bird_212,resnet50_tl_20250829,8,4,200,112,204.0,116.0,153.9158935546875,153.80914306640625,0.10675048828125
s_bird_212,resnet50_tl_20250829,8,4,200,116,204.0,120.0,153.9158935546875,153.82566833496094,0.0902252197265625
s_bird_212,resnet50_tl_20250829,8,4,200,120,204.0,124.0,153.9158935546875,153.89642333984375,0.01947021484375
s_bird_212,resnet50_tl_20250829,8,4,200,124,204.0,128.0,153.9158935546875,153.74681091308594,0.1690826416015625
s_bird_212,resnet50_tl_20250829,8,4,200,128,204.0,132.0,153.9158935546875,153.77011108398438,0.145782470703125
s_bird_212,resnet50_tl_20250829,8,4,200,132,204.0,136.0,153.9158935546875,153.74212646484375,0.17376708984375
s_bird_212,resnet50_tl_20250829,8,4,200,136,204.0,140.0,153.9158935546875,153.84478759765625,0.07110595703125
s_bird_212,resnet50_tl_20250829,8,4,200,140,204.0,144.0,153.9158935546875,153.7292938232422,0.1865997314453125
s_bird_212,resnet50_tl_20250829,8,4,200,144,204.0,148.0,153.9158935546875,153.77340698242188,0.142486572265625
s_bird_212,resnet50_tl_20250829,8,4,200,148,204.0,152.0,153.9158935546875,153.77069091796875,0.14520263671875
s_bird_212,resnet50_tl_20250829,8,4,200,152,204.0,156.0,153.9158935546875,153.82595825195312,0.089935302734375
s_bird_212,resnet50_tl_20250829,8,4,200,156,204.0,160.0,153.9158935546875,153.71697998046875,0.19891357421875
s_bird_212,resnet50_tl_20250829,8,4,200,160,204.0,164.0,153.9158935546875,153.75335693359375,0.16253662109375
s_bird_212,resnet50_tl_20250829,8,4,200,164,204.0,168.0,153.9158935546875,153.7716522216797,0.1442413330078125
s_bird_212,resnet50_tl_20250829,8,4,200,168,204.0,172.0,153.9158935546875,153.8388214111328,0.0770721435546875
s_bird_212,resnet50_tl_20250829,8,4,200,172,204.0,176.0,153.9158935546875,153.77679443359375,0.13909912109375
s_bird_212,resnet50_tl_20250829,8,4,200,176,204.0,180.0,153.9158935546875,153.82479858398438,0.091094970703125
s_bird_212,resnet50_tl_20250829,8,4,200,180,204.0,184.0,153.9158935546875,153.84829711914062,0.067596435546875
s_bird_212,resnet50_tl_20250829,8,4,200,184,204.0,188.0,153.9158935546875,153.93539428710938,-0.019500732421875
s_bird_212,resnet50_tl_20250829,8,4,200,188,204.0,192.0,153.9158935546875,153.8507843017578,0.0651092529296875
s_bird_212,resnet50_tl_20250829,8,4,200,192,204.0,196.0,153.9158935546875,153.9238739013672,-0.0079803466796875
s_bird_212,resnet50_tl_20250829,8,4,200,196,204.0,200.0,153.9158935546875,153.9212188720703,-0.0053253173828125
s_bird_212,resnet50_tl_20250829,8,4,200,200,204.0,204.0,153.9158935546875,153.97064208984375,-0.05474853515625
s_bird_212,resnet50_tl_20250829,8,4,200,204,204.0,208.0,153.9158935546875,153.9149932861328,0.0009002685546875
s_bird_212,resnet50_tl_20250829,8,4,200,208,204.0,212.0,153.9158935546875,153.9404296875,-0.0245361328125
s_bird_212,resnet50_tl_20250829,8,4,200,212,204.0,216.0,153.9158935546875,153.94232177734375,-0.02642822265625
s_bird_212,resnet50_tl_20250829,8,4,200,216,204.0,220.0,153.9158935546875,153.95530700683594,-0.0394134521484375
s_bird_212,resnet50_tl_20250829,8,4,204,0,208.0,4.0,153.9158935546875,153.6625213623047,0.2533721923828125
s_bird_212,resnet50_tl_20250829,8,4,204,4,208.0,8.0,153.9158935546875,153.8997802734375,0.01611328125
s_bird_212,resnet50_tl_20250829,8,4,204,8,208.0,12.0,153.9158935546875,153.96408081054688,-0.048187255859375
s_bird_212,resnet50_tl_20250829,8,4,204,12,208.0,16.0,153.9158935546875,153.70333862304688,0.212554931640625
s_bird_212,resnet50_tl_20250829,8,4,204,16,208.0,20.0,153.9158935546875,153.74005126953125,0.17584228515625
s_bird_212,resnet50_tl_20250829,8,4,204,20,208.0,24.0,153.9158935546875,153.89703369140625,0.01885986328125
s_bird_212,resnet50_tl_20250829,8,4,204,24,208.0,28.0,153.9158935546875,153.93748474121094,-0.0215911865234375
s_bird_212,resnet50_tl_20250829,8,4,204,28,208.0,32.0,153.9158935546875,153.55015563964844,0.3657379150390625
s_bird_212,resnet50_tl_20250829,8,4,204,32,208.0,36.0,153.9158935546875,153.60670471191406,0.3091888427734375
s_bird_212,resnet50_tl_20250829,8,4,204,36,208.0,40.0,153.9158935546875,153.84429931640625,0.07159423828125
s_bird_212,resnet50_tl_20250829,8,4,204,40,208.0,44.0,153.9158935546875,153.9035186767578,0.0123748779296875
s_bird_212,resnet50_tl_20250829,8,4,204,44,208.0,48.0,153.9158935546875,153.55081176757812,0.365081787109375
s_bird_212,resnet50_tl_20250829,8,4,204,48,208.0,52.0,153.9158935546875,153.60260009765625,0.31329345703125
s_bird_212,resnet50_tl_20250829,8,4,204,52,208.0,56.0,153.9158935546875,153.86581420898438,0.050079345703125
s_bird_212,resnet50_tl_20250829,8,4,204,56,208.0,60.0,153.9158935546875,153.9185028076172,-0.0026092529296875
s_bird_212,resnet50_tl_20250829,8,4,204,60,208.0,64.0,153.9158935546875,153.50711059570312,0.408782958984375
s_bird_212,resnet50_tl_20250829,8,4,204,64,208.0,68.0,153.9158935546875,153.5503692626953,0.3655242919921875
s_bird_212,resnet50_tl_20250829,8,4,204,68,208.0,72.0,153.9158935546875,153.82591247558594,0.0899810791015625
s_bird_212,resnet50_tl_20250829,8,4,204,72,208.0,76.0,153.9158935546875,153.92820739746094,-0.0123138427734375
s_bird_212,resnet50_tl_20250829,8,4,204,76,208.0,80.0,153.9158935546875,153.57733154296875,0.33856201171875
s_bird_212,resnet50_tl_20250829,8,4,204,80,208.0,84.0,153.9158935546875,153.61474609375,0.3011474609375
s_bird_212,resnet50_tl_20250829,8,4,204,84,208.0,88.0,153.9158935546875,153.8549346923828,0.0609588623046875
s_bird_212,resnet50_tl_20250829,8,4,204,88,208.0,92.0,153.9158935546875,153.93223571777344,-0.0163421630859375
s_bird_212,resnet50_tl_20250829,8,4,204,92,208.0,96.0,153.9158935546875,153.5311737060547,0.3847198486328125
s_bird_212,resnet50_tl_20250829,8,4,204,96,208.0,100.0,153.9158935546875,153.57000732421875,0.34588623046875
s_bird_212,resnet50_tl_20250829,8,4,204,100,208.0,104.0,153.9158935546875,153.82786560058594,0.0880279541015625
s_bird_212,resnet50_tl_20250829,8,4,204,104,208.0,108.0,153.9158935546875,153.94447326660156,-0.0285797119140625
s_bird_212,resnet50_tl_20250829,8,4,204,108,208.0,112.0,153.9158935546875,153.61453247070312,0.301361083984375
s_bird_212,resnet50_tl_20250829,8,4,204,112,208.0,116.0,153.9158935546875,153.6515655517578,0.2643280029296875
s_bird_212,resnet50_tl_20250829,8,4,204,116,208.0,120.0,153.9158935546875,153.82354736328125,0.09234619140625
s_bird_212,resnet50_tl_20250829,8,4,204,120,208.0,124.0,153.9158935546875,153.93487548828125,-0.01898193359375
s_bird_212,resnet50_tl_20250829,8,4,204,124,208.0,128.0,153.9158935546875,153.53939819335938,0.376495361328125
s_bird_212,resnet50_tl_20250829,8,4,204,128,208.0,132.0,153.9158935546875,153.5896453857422,0.3262481689453125
s_bird_212,resnet50_tl_20250829,8,4,204,132,208.0,136.0,153.9158935546875,153.7539825439453,0.1619110107421875
s_bird_212,resnet50_tl_20250829,8,4,204,136,208.0,140.0,153.9158935546875,153.90020751953125,0.01568603515625
s_bird_212,resnet50_tl_20250829,8,4,204,140,208.0,144.0,153.9158935546875,153.6105194091797,0.3053741455078125
s_bird_212,resnet50_tl_20250829,8,4,204,144,208.0,148.0,153.9158935546875,153.66769409179688,0.248199462890625
s_bird_212,resnet50_tl_20250829,8,4,204,148,208.0,152.0,153.9158935546875,153.80905151367188,0.106842041015625
s_bird_212,resnet50_tl_20250829,8,4,204,152,208.0,156.0,153.9158935546875,153.89588928222656,0.0200042724609375
s_bird_212,resnet50_tl_20250829,8,4,204,156,208.0,160.0,153.9158935546875,153.57666015625,0.3392333984375
s_bird_212,resnet50_tl_20250829,8,4,204,160,208.0,164.0,153.9158935546875,153.62939453125,0.2864990234375
s_bird_212,resnet50_tl_20250829,8,4,204,164,208.0,168.0,153.9158935546875,153.78631591796875,0.12957763671875
s_bird_212,resnet50_tl_20250829,8,4,204,168,208.0,172.0,153.9158935546875,153.89736938476562,0.018524169921875
s_bird_212,resnet50_tl_20250829,8,4,204,172,208.0,176.0,153.9158935546875,153.6650390625,0.2508544921875
s_bird_212,resnet50_tl_20250829,8,4,204,176,208.0,180.0,153.9158935546875,153.69650268554688,0.219390869140625
s_bird_212,resnet50_tl_20250829,8,4,204,180,208.0,184.0,153.9158935546875,153.83042907714844,0.0854644775390625
s_bird_212,resnet50_tl_20250829,8,4,204,184,208.0,188.0,153.9158935546875,153.956787109375,-0.0408935546875
s_bird_212,resnet50_tl_20250829,8,4,204,188,208.0,192.0,153.9158935546875,153.7270965576172,0.1887969970703125
s_bird_212,resnet50_tl_20250829,8,4,204,192,208.0,196.0,153.9158935546875,153.79786682128906,0.1180267333984375
s_bird_212,resnet50_tl_20250829,8,4,204,196,208.0,200.0,153.9158935546875,153.85157775878906,0.0643157958984375
s_bird_212,resnet50_tl_20250829,8,4,204,200,208.0,204.0,153.9158935546875,153.93380737304688,-0.017913818359375
s_bird_212,resnet50_tl_20250829,8,4,204,204,208.0,208.0,153.9158935546875,153.86605834960938,0.049835205078125
s_bird_212,resnet50_tl_20250829,8,4,204,208,208.0,212.0,153.9158935546875,153.8969268798828,0.0189666748046875
s_bird_212,resnet50_tl_20250829,8,4,204,212,208.0,216.0,153.9158935546875,153.91500854492188,0.000885009765625
s_bird_212,resnet50_tl_20250829,8,4,204,216,208.0,220.0,153.9158935546875,153.93197631835938,-0.016082763671875
s_bird_212,resnet50_tl_20250829,8,4,208,0,212.0,4.0,153.9158935546875,153.72021484375,0.1956787109375
s_bird_212,resnet50_tl_20250829,8,4,208,4,212.0,8.0,153.9158935546875,153.88360595703125,0.03228759765625
s_bird_212,resnet50_tl_20250829,8,4,208,8,212.0,12.0,153.9158935546875,153.99203491210938,-0.076141357421875
s_bird_212,resnet50_tl_20250829,8,4,208,12,212.0,16.0,153.9158935546875,153.75279235839844,0.1631011962890625
s_bird_212,resnet50_tl_20250829,8,4,208,16,212.0,20.0,153.9158935546875,153.80224609375,0.1136474609375
s_bird_212,resnet50_tl_20250829,8,4,208,20,212.0,24.0,153.9158935546875,153.89430236816406,0.0215911865234375
s_bird_212,resnet50_tl_20250829,8,4,208,24,212.0,28.0,153.9158935546875,153.98109436035156,-0.0652008056640625
s_bird_212,resnet50_tl_20250829,8,4,208,28,212.0,32.0,153.9158935546875,153.66134643554688,0.254547119140625
s_bird_212,resnet50_tl_20250829,8,4,208,32,212.0,36.0,153.9158935546875,153.70730590820312,0.208587646484375
s_bird_212,resnet50_tl_20250829,8,4,208,36,212.0,40.0,153.9158935546875,153.8735809326172,0.0423126220703125
s_bird_212,resnet50_tl_20250829,8,4,208,40,212.0,44.0,153.9158935546875,153.9528350830078,-0.0369415283203125
s_bird_212,resnet50_tl_20250829,8,4,208,44,212.0,48.0,153.9158935546875,153.62843322753906,0.2874603271484375
s_bird_212,resnet50_tl_20250829,8,4,208,48,212.0,52.0,153.9158935546875,153.6906280517578,0.2252655029296875
s_bird_212,resnet50_tl_20250829,8,4,208,52,212.0,56.0,153.9158935546875,153.87042236328125,0.04547119140625
s_bird_212,resnet50_tl_20250829,8,4,208,56,212.0,60.0,153.9158935546875,153.96231079101562,-0.046417236328125
s_bird_212,resnet50_tl_20250829,8,4,208,60,212.0,64.0,153.9158935546875,153.59971618652344,0.3161773681640625
s_bird_212,resnet50_tl_20250829,8,4,208,64,212.0,68.0,153.9158935546875,153.64805603027344,0.2678375244140625
s_bird_212,resnet50_tl_20250829,8,4,208,68,212.0,72.0,153.9158935546875,153.84901428222656,0.0668792724609375
s_bird_212,resnet50_tl_20250829,8,4,208,72,212.0,76.0,153.9158935546875,153.9639129638672,-0.0480194091796875
s_bird_212,resnet50_tl_20250829,8,4,208,76,212.0,80.0,153.9158935546875,153.63511657714844,0.2807769775390625
s_bird_212,resnet50_tl_20250829,8,4,208,80,212.0,84.0,153.9158935546875,153.699951171875,0.2159423828125
s_bird_212,resnet50_tl_20250829,8,4,208,84,212.0,88.0,153.9158935546875,153.87791442871094,0.0379791259765625
s_bird_212,resnet50_tl_20250829,8,4,208,88,212.0,92.0,153.9158935546875,153.98568725585938,-0.069793701171875
s_bird_212,resnet50_tl_20250829,8,4,208,92,212.0,96.0,153.9158935546875,153.6189727783203,0.2969207763671875
s_bird_212,resnet50_tl_20250829,8,4,208,96,212.0,100.0,153.9158935546875,153.66317749023438,0.252716064453125
s_bird_212,resnet50_tl_20250829,8,4,208,100,212.0,104.0,153.9158935546875,153.86228942871094,0.0536041259765625
s_bird_212,resnet50_tl_20250829,8,4,208,104,212.0,108.0,153.9158935546875,153.95314025878906,-0.0372467041015625
s_bird_212,resnet50_tl_20250829,8,4,208,108,212.0,112.0,153.9158935546875,153.67138671875,0.2445068359375
s_bird_212,resnet50_tl_20250829,8,4,208,112,212.0,116.0,153.9158935546875,153.7095947265625,0.206298828125
s_bird_212,resnet50_tl_20250829,8,4,208,116,212.0,120.0,153.9158935546875,153.8487091064453,0.0671844482421875
s_bird_212,resnet50_tl_20250829,8,4,208,120,212.0,124.0,153.9158935546875,153.9680938720703,-0.0522003173828125
s_bird_212,resnet50_tl_20250829,8,4,208,124,212.0,128.0,153.9158935546875,153.64341735839844,0.2724761962890625
s_bird_212,resnet50_tl_20250829,8,4,208,128,212.0,132.0,153.9158935546875,153.6773681640625,0.238525390625
s_bird_212,resnet50_tl_20250829,8,4,208,132,212.0,136.0,153.9158935546875,153.81716918945312,0.098724365234375
s_bird_212,resnet50_tl_20250829,8,4,208,136,212.0,140.0,153.9158935546875,153.9440460205078,-0.0281524658203125
s_bird_212,resnet50_tl_20250829,8,4,208,140,212.0,144.0,153.9158935546875,153.70375061035156,0.2121429443359375
s_bird_212,resnet50_tl_20250829,8,4,208,144,212.0,148.0,153.9158935546875,153.74728393554688,0.168609619140625
s_bird_212,resnet50_tl_20250829,8,4,208,148,212.0,152.0,153.9158935546875,153.86058044433594,0.0553131103515625
s_bird_212,resnet50_tl_20250829,8,4,208,152,212.0,156.0,153.9158935546875,153.9605712890625,-0.044677734375
s_bird_212,resnet50_tl_20250829,8,4,208,156,212.0,160.0,153.9158935546875,153.696044921875,0.2198486328125
s_bird_212,resnet50_tl_20250829,8,4,208,160,212.0,164.0,153.9158935546875,153.7386016845703,0.1772918701171875
s_bird_212,resnet50_tl_20250829,8,4,208,164,212.0,168.0,153.9158935546875,153.8633270263672,0.0525665283203125
s_bird_212,resnet50_tl_20250829,8,4,208,168,212.0,172.0,153.9158935546875,153.965576171875,-0.0496826171875
s_bird_212,resnet50_tl_20250829,8,4,208,172,212.0,176.0,153.9158935546875,153.75543212890625,0.16046142578125
s_bird_212,resnet50_tl_20250829,8,4,208,176,212.0,180.0,153.9158935546875,153.80062866210938,0.115264892578125
s_bird_212,resnet50_tl_20250829,8,4,208,180,212.0,184.0,153.9158935546875,153.88381958007812,0.032073974609375
s_bird_212,resnet50_tl_20250829,8,4,208,184,212.0,188.0,153.9158935546875,153.99879455566406,-0.0829010009765625
s_bird_212,resnet50_tl_20250829,8,4,208,188,212.0,192.0,153.9158935546875,153.82398986816406,0.0919036865234375
s_bird_212,resnet50_tl_20250829,8,4,208,192,212.0,196.0,153.9158935546875,153.87139892578125,0.04449462890625
s_bird_212,resnet50_tl_20250829,8,4,208,196,212.0,200.0,153.9158935546875,153.90252685546875,0.01336669921875
s_bird_212,resnet50_tl_20250829,8,4,208,200,212.0,204.0,153.9158935546875,153.96835327148438,-0.052459716796875
s_bird_212,resnet50_tl_20250829,8,4,208,204,212.0,208.0,153.9158935546875,153.9108123779297,0.0050811767578125
s_bird_212,resnet50_tl_20250829,8,4,208,208,212.0,212.0,153.9158935546875,153.92510986328125,-0.00921630859375
s_bird_212,resnet50_tl_20250829,8,4,208,212,212.0,216.0,153.9158935546875,153.91940307617188,-0.003509521484375
s_bird_212,resnet50_tl_20250829,8,4,208,216,212.0,220.0,153.9158935546875,153.93325805664062,-0.017364501953125
s_bird_212,resnet50_tl_20250829,8,4,212,0,216.0,4.0,153.9158935546875,153.79396057128906,0.1219329833984375
s_bird_212,resnet50_tl_20250829,8,4,212,4,216.0,8.0,153.9158935546875,153.881103515625,0.0347900390625
s_bird_212,resnet50_tl_20250829,8,4,212,8,216.0,12.0,153.9158935546875,153.975341796875,-0.0594482421875
s_bird_212,resnet50_tl_20250829,8,4,212,12,216.0,16.0,153.9158935546875,153.8890838623047,0.0268096923828125
s_bird_212,resnet50_tl_20250829,8,4,212,16,216.0,20.0,153.9158935546875,153.93727111816406,-0.0213775634765625
s_bird_212,resnet50_tl_20250829,8,4,212,20,216.0,24.0,153.9158935546875,153.89031982421875,0.02557373046875
s_bird_212,resnet50_tl_20250829,8,4,212,24,216.0,28.0,153.9158935546875,153.94091796875,-0.0250244140625
s_bird_212,resnet50_tl_20250829,8,4,212,28,216.0,32.0,153.9158935546875,153.86094665527344,0.0549468994140625
s_bird_212,resnet50_tl_20250829,8,4,212,32,216.0,36.0,153.9158935546875,153.88958740234375,0.02630615234375
s_bird_212,resnet50_tl_20250829,8,4,212,36,216.0,40.0,153.9158935546875,153.864013671875,0.0518798828125
s_bird_212,resnet50_tl_20250829,8,4,212,40,216.0,44.0,153.9158935546875,153.90167236328125,0.01422119140625
s_bird_212,resnet50_tl_20250829,8,4,212,44,216.0,48.0,153.9158935546875,153.8369903564453,0.0789031982421875
s_bird_212,resnet50_tl_20250829,8,4,212,48,216.0,52.0,153.9158935546875,153.87420654296875,0.04168701171875
s_bird_212,resnet50_tl_20250829,8,4,212,52,216.0,56.0,153.9158935546875,153.8586883544922,0.0572052001953125
s_bird_212,resnet50_tl_20250829,8,4,212,56,216.0,60.0,153.9158935546875,153.90272521972656,0.0131683349609375
s_bird_212,resnet50_tl_20250829,8,4,212,60,216.0,64.0,153.9158935546875,153.83541870117188,0.080474853515625
s_bird_212,resnet50_tl_20250829,8,4,212,64,216.0,68.0,153.9158935546875,153.86181640625,0.0540771484375
s_bird_212,resnet50_tl_20250829,8,4,212,68,216.0,72.0,153.9158935546875,153.84616088867188,0.069732666015625
s_bird_212,resnet50_tl_20250829,8,4,212,72,216.0,76.0,153.9158935546875,153.89251708984375,0.02337646484375
s_bird_212,resnet50_tl_20250829,8,4,212,76,216.0,80.0,153.9158935546875,153.84121704101562,0.074676513671875
s_bird_212,resnet50_tl_20250829,8,4,212,80,216.0,84.0,153.9158935546875,153.86947631835938,0.046417236328125
s_bird_212,resnet50_tl_20250829,8,4,212,84,216.0,88.0,153.9158935546875,153.8535919189453,0.0623016357421875
s_bird_212,resnet50_tl_20250829,8,4,212,88,216.0,92.0,153.9158935546875,153.90504455566406,0.0108489990234375
s_bird_212,resnet50_tl_20250829,8,4,212,92,216.0,96.0,153.9158935546875,153.84083557128906,0.0750579833984375
s_bird_212,resnet50_tl_20250829,8,4,212,96,216.0,100.0,153.9158935546875,153.867431640625,0.0484619140625
s_bird_212,resnet50_tl_20250829,8,4,212,100,216.0,104.0,153.9158935546875,153.8488006591797,0.0670928955078125
s_bird_212,resnet50_tl_20250829,8,4,212,104,216.0,108.0,153.9158935546875,153.90133666992188,0.014556884765625
s_bird_212,resnet50_tl_20250829,8,4,212,108,216.0,112.0,153.9158935546875,153.85641479492188,0.059478759765625
s_bird_212,resnet50_tl_20250829,8,4,212,112,216.0,116.0,153.9158935546875,153.88145446777344,0.0344390869140625
s_bird_212,resnet50_tl_20250829,8,4,212,116,216.0,120.0,153.9158935546875,153.8436279296875,0.072265625
s_bird_212,resnet50_tl_20250829,8,4,212,120,216.0,124.0,153.9158935546875,153.9158172607422,7.62939453125e-05
s_bird_212,resnet50_tl_20250829,8,4,212,124,216.0,128.0,153.9158935546875,153.85345458984375,0.06243896484375
s_bird_212,resnet50_tl_20250829,8,4,212,128,216.0,132.0,153.9158935546875,153.86810302734375,0.04779052734375
s_bird_212,resnet50_tl_20250829,8,4,212,132,216.0,136.0,153.9158935546875,153.8414306640625,0.074462890625
s_bird_212,resnet50_tl_20250829,8,4,212,136,216.0,140.0,153.9158935546875,153.90753173828125,0.00836181640625
s_bird_212,resnet50_tl_20250829,8,4,212,140,216.0,144.0,153.9158935546875,153.85052490234375,0.06536865234375
s_bird_212,resnet50_tl_20250829,8,4,212,144,216.0,148.0,153.9158935546875,153.8835906982422,0.0323028564453125
s_bird_212,resnet50_tl_20250829,8,4,212,148,216.0,152.0,153.9158935546875,153.861572265625,0.0543212890625
s_bird_212,resnet50_tl_20250829,8,4,212,152,216.0,156.0,153.9158935546875,153.92564392089844,-0.0097503662109375
s_bird_212,resnet50_tl_20250829,8,4,212,156,216.0,160.0,153.9158935546875,153.86549377441406,0.0503997802734375
s_bird_212,resnet50_tl_20250829,8,4,212,160,216.0,164.0,153.9158935546875,153.89881896972656,0.0170745849609375
s_bird_212,resnet50_tl_20250829,8,4,212,164,216.0,168.0,153.9158935546875,153.87283325195312,0.043060302734375
s_bird_212,resnet50_tl_20250829,8,4,212,168,216.0,172.0,153.9158935546875,153.92417907714844,-0.0082855224609375
s_bird_212,resnet50_tl_20250829,8,4,212,172,216.0,176.0,153.9158935546875,153.89344787597656,0.0224456787109375
s_bird_212,resnet50_tl_20250829,8,4,212,176,216.0,180.0,153.9158935546875,153.9426727294922,-0.0267791748046875
s_bird_212,resnet50_tl_20250829,8,4,212,180,216.0,184.0,153.9158935546875,153.9017333984375,0.01416015625
s_bird_212,resnet50_tl_20250829,8,4,212,184,216.0,188.0,153.9158935546875,153.96954345703125,-0.05364990234375
s_bird_212,resnet50_tl_20250829,8,4,212,188,216.0,192.0,153.9158935546875,153.91604614257812,-0.000152587890625
s_bird_212,resnet50_tl_20250829,8,4,212,192,216.0,196.0,153.9158935546875,153.9709930419922,-0.0550994873046875
s_bird_212,resnet50_tl_20250829,8,4,212,196,216.0,200.0,153.9158935546875,153.92849731445312,-0.012603759765625
s_bird_212,resnet50_tl_20250829,8,4,212,200,216.0,204.0,153.9158935546875,153.9680938720703,-0.0522003173828125
s_bird_212,resnet50_tl_20250829,8,4,212,204,216.0,208.0,153.9158935546875,153.92735290527344,-0.0114593505859375
s_bird_212,resnet50_tl_20250829,8,4,212,208,216.0,212.0,153.9158935546875,153.94931030273438,-0.033416748046875
s_bird_212,resnet50_tl_20250829,8,4,212,212,216.0,216.0,153.9158935546875,153.93544006347656,-0.0195465087890625
s_bird_212,resnet50_tl_20250829,8,4,212,216,216.0,220.0,153.9158935546875,153.9290008544922,-0.0131072998046875
s_bird_212,resnet50_tl_20250829,8,4,216,0,220.0,4.0,153.9158935546875,153.85092163085938,0.064971923828125
s_bird_212,resnet50_tl_20250829,8,4,216,4,220.0,8.0,153.9158935546875,153.88616943359375,0.02972412109375
s_bird_212,resnet50_tl_20250829,8,4,216,8,220.0,12.0,153.9158935546875,153.91888427734375,-0.00299072265625
s_bird_212,resnet50_tl_20250829,8,4,216,12,220.0,16.0,153.9158935546875,153.90548706054688,0.010406494140625
s_bird_212,resnet50_tl_20250829,8,4,216,16,220.0,20.0,153.9158935546875,153.9055938720703,0.0102996826171875
s_bird_212,resnet50_tl_20250829,8,4,216,20,220.0,24.0,153.9158935546875,153.87034606933594,0.0455474853515625
s_bird_212,resnet50_tl_20250829,8,4,216,24,220.0,28.0,153.9158935546875,153.87991333007812,0.035980224609375
s_bird_212,resnet50_tl_20250829,8,4,216,28,220.0,32.0,153.9158935546875,153.88380432128906,0.0320892333984375
s_bird_212,resnet50_tl_20250829,8,4,216,32,220.0,36.0,153.9158935546875,153.8843536376953,0.0315399169921875
s_bird_212,resnet50_tl_20250829,8,4,216,36,220.0,40.0,153.9158935546875,153.8492889404297,0.0666046142578125
s_bird_212,resnet50_tl_20250829,8,4,216,40,220.0,44.0,153.9158935546875,153.84983825683594,0.0660552978515625
s_bird_212,resnet50_tl_20250829,8,4,216,44,220.0,48.0,153.9158935546875,153.86912536621094,0.0467681884765625
s_bird_212,resnet50_tl_20250829,8,4,216,48,220.0,52.0,153.9158935546875,153.86709594726562,0.048797607421875
s_bird_212,resnet50_tl_20250829,8,4,216,52,220.0,56.0,153.9158935546875,153.8399658203125,0.075927734375
s_bird_212,resnet50_tl_20250829,8,4,216,56,220.0,60.0,153.9158935546875,153.8424530029297,0.0734405517578125
s_bird_212,resnet50_tl_20250829,8,4,216,60,220.0,64.0,153.9158935546875,153.8668975830078,0.0489959716796875
s_bird_212,resnet50_tl_20250829,8,4,216,64,220.0,68.0,153.9158935546875,153.86593627929688,0.049957275390625
s_bird_212,resnet50_tl_20250829,8,4,216,68,220.0,72.0,153.9158935546875,153.83192443847656,0.0839691162109375
s_bird_212,resnet50_tl_20250829,8,4,216,72,220.0,76.0,153.9158935546875,153.83731079101562,0.078582763671875
s_bird_212,resnet50_tl_20250829,8,4,216,76,220.0,80.0,153.9158935546875,153.8740692138672,0.0418243408203125
s_bird_212,resnet50_tl_20250829,8,4,216,80,220.0,84.0,153.9158935546875,153.87158203125,0.0443115234375
s_bird_212,resnet50_tl_20250829,8,4,216,84,220.0,88.0,153.9158935546875,153.84274291992188,0.073150634765625
s_bird_212,resnet50_tl_20250829,8,4,216,88,220.0,92.0,153.9158935546875,153.8500518798828,0.0658416748046875
s_bird_212,resnet50_tl_20250829,8,4,216,92,220.0,96.0,153.9158935546875,153.88284301757812,0.033050537109375
s_bird_212,resnet50_tl_20250829,8,4,216,96,220.0,100.0,153.9158935546875,153.88450622558594,0.0313873291015625
s_bird_212,resnet50_tl_20250829,8,4,216,100,220.0,104.0,153.9158935546875,153.85157775878906,0.0643157958984375
s_bird_212,resnet50_tl_20250829,8,4,216,104,220.0,108.0,153.9158935546875,153.86036682128906,0.0555267333984375
s_bird_212,resnet50_tl_20250829,8,4,216,108,220.0,112.0,153.9158935546875,153.8965606689453,0.0193328857421875
s_bird_212,resnet50_tl_20250829,8,4,216,112,220.0,116.0,153.9158935546875,153.89468383789062,0.021209716796875
s_bird_212,resnet50_tl_20250829,8,4,216,116,220.0,120.0,153.9158935546875,153.85829162597656,0.0576019287109375
s_bird_212,resnet50_tl_20250829,8,4,216,120,220.0,124.0,153.9158935546875,153.8699493408203,0.0459442138671875
s_bird_212,resnet50_tl_20250829,8,4,216,124,220.0,128.0,153.9158935546875,153.89353942871094,0.0223541259765625
s_bird_212,resnet50_tl_20250829,8,4,216,128,220.0,132.0,153.9158935546875,153.892578125,0.0233154296875
s_bird_212,resnet50_tl_20250829,8,4,216,132,220.0,136.0,153.9158935546875,153.86343383789062,0.052459716796875
s_bird_212,resnet50_tl_20250829,8,4,216,136,220.0,140.0,153.9158935546875,153.87156677246094,0.0443267822265625
s_bird_212,resnet50_tl_20250829,8,4,216,140,220.0,144.0,153.9158935546875,153.8859405517578,0.0299530029296875
s_bird_212,resnet50_tl_20250829,8,4,216,144,220.0,148.0,153.9158935546875,153.88511657714844,0.0307769775390625
s_bird_212,resnet50_tl_20250829,8,4,216,148,220.0,152.0,153.9158935546875,153.86085510253906,0.0550384521484375
s_bird_212,resnet50_tl_20250829,8,4,216,152,220.0,156.0,153.9158935546875,153.8756561279297,0.0402374267578125
s_bird_212,resnet50_tl_20250829,8,4,216,156,220.0,160.0,153.9158935546875,153.89283752441406,0.0230560302734375
s_bird_212,resnet50_tl_20250829,8,4,216,160,220.0,164.0,153.9158935546875,153.90255737304688,0.013336181640625
s_bird_212,resnet50_tl_20250829,8,4,216,164,220.0,168.0,153.9158935546875,153.87112426757812,0.044769287109375
s_bird_212,resnet50_tl_20250829,8,4,216,168,220.0,172.0,153.9158935546875,153.88819885253906,0.0276947021484375
s_bird_212,resnet50_tl_20250829,8,4,216,172,220.0,176.0,153.9158935546875,153.92088317871094,-0.0049896240234375
s_bird_212,resnet50_tl_20250829,8,4,216,176,220.0,180.0,153.9158935546875,153.93966674804688,-0.023773193359375
s_bird_212,resnet50_tl_20250829,8,4,216,180,220.0,184.0,153.9158935546875,153.8984832763672,0.0174102783203125
s_bird_212,resnet50_tl_20250829,8,4,216,184,220.0,188.0,153.9158935546875,153.92172241210938,-0.005828857421875
s_bird_212,resnet50_tl_20250829,8,4,216,188,220.0,192.0,153.9158935546875,153.91973876953125,-0.00384521484375
s_bird_212,resnet50_tl_20250829,8,4,216,192,220.0,196.0,153.9158935546875,153.95223999023438,-0.036346435546875
s_bird_212,resnet50_tl_20250829,8,4,216,196,220.0,200.0,153.9158935546875,153.91305541992188,0.002838134765625
s_bird_212,resnet50_tl_20250829,8,4,216,200,220.0,204.0,153.9158935546875,153.9318389892578,-0.0159454345703125
s_bird_212,resnet50_tl_20250829,8,4,216,204,220.0,208.0,153.9158935546875,153.9203338623047,-0.0044403076171875
s_bird_212,resnet50_tl_20250829,8,4,216,208,220.0,212.0,153.9158935546875,153.93484497070312,-0.018951416015625
s_bird_212,resnet50_tl_20250829,8,4,216,212,220.0,216.0,153.9158935546875,153.9296112060547,-0.0137176513671875
s_bird_212,resnet50_tl_20250829,8,4,216,216,220.0,220.0,153.9158935546875,153.91783142089844,-0.0019378662109375
